ABCD
>BCA
0100
0010
1000

>BCB
0100
0010
0100

>B
0100

>ADC
1000
0001
0010

>DABB
0001
1000
0100
0100

>D
0001

>A
1000

>BA
0100
1000

>BB
0100
0100

>BBAAD
0100
0100
1000
1000
0001

>BBBA
0100
0100
0100
1000

>CADB
0010
1000
0001
0100

>CCDBBBD
0010
0010
0001
0100
0100
0100
0001

>CBAACBDBC
0010
0100
1000
1000
0010
0100
0001
0100
0010

>ABA
1000
0100
1000

>CCCBC
0010
0010
0010
0100
0010

>DABB
0001
1000
0100
0100

>D
0001

>BC
0100
0010

>DDBA
0001
0001
0100
1000

>A
1000

>BABBC
0100
1000
0100
0100
0010

>DBABCACAD
0001
0100
1000
0100
0010
1000
0010
1000
0001

>ABA
1000
0100
1000

>BB
0100
0100

>DDC
0001
0001
0010

>CCCD
0010
0010
0010
0001

>DA
0001
1000

>ACB
1000
0010
0100

>CBACA
0010
0100
1000
0010
1000

>C
0010

>A
1000

>BDCDBC
0100
0001
0010
0001
0100
0010

>BBDDDDDBCB
0100
0100
0001
0001
0001
0001
0001
0100
0010
0100

>DAB
0001
1000
0100

>BD
0100
0001

>C
0010

>CDCCACBACC
0010
0001
0010
0010
1000
0010
0100
1000
0010
0010

>B
0100

>BD
0100
0001

>DBCCCC
0001
0100
0010
0010
0010
0010

>CADDAB
0010
1000
0001
0001
1000
0100

>BCCCBDBB
0100
0010
0010
0010
0100
0001
0100
0100

>ABD
1000
0100
0001

>A
1000

>D
0001

>D
0001

>BDBAABA
0100
0001
0100
1000
1000
0100
1000

>C
0010

>ABADCB
1000
0100
1000
0001
0010
0100

>CD
0010
0001

>DDCD
0001
0001
0010
0001

>CCBAD
0010
0010
0100
1000
0001

>D
0001

>DACBDDDA
0001
1000
0010
0100
0001
0001
0001
1000

>BDBC
0100
0001
0100
0010

>D
0001

>BAC
0100
1000
0010

>AD
1000
0001

>AA
1000
1000

>BD
0100
0001

>BD
0100
0001

>BCCBDB
0100
0010
0010
0100
0001
0100

>BDBC
0100
0001
0100
0010

>BDDDD
0100
0001
0001
0001
0001

>C
0010

>CC
0010
0010

>DBCB
0001
0100
0010
0100

>BDD
0100
0001
0001

>DCDDDDBDB
0001
0010
0001
0001
0001
0001
0100
0001
0100

>DACA
0001
1000
0010
1000

>CDCBB
0010
0001
0010
0100
0100

>DBDDCCCBAABBADBB
0001
0100
0001
0001
0010
0010
0010
0100
1000
1000
0100
0100
1000
0001
0100
0100

>CABD
0010
1000
0100
0001

>CCCBBCABBCCCABDDB
0010
0010
0010
0100
0100
0010
1000
0100
0100
0010
0010
0010
1000
0100
0001
0001
0100

>DBDDBACDD
0001
0100
0001
0001
0100
1000
0010
0001
0001

>CDC
0010
0001
0010

>CBDB
0010
0100
0001
0100

>A
1000

>AAC
1000
1000
0010

>ACDC
1000
0010
0001
0010

>ACDBACDC
1000
0010
0001
0100
1000
0010
0001
0010

>ABD
1000
0100
0001

>A
1000

>BDA
0100
0001
1000

>AC
1000
0010

>C
0010

>BACACDA
0100
1000
0010
1000
0010
0001
1000

>CAC
0010
1000
0010

>ADBAAD
1000
0001
0100
1000
1000
0001

>A
1000

>BDDCACCAA
0100
0001
0001
0010
1000
0010
0010
1000
1000

>AADAAB
1000
1000
0001
1000
1000
0100

>ADCBACDDADCACBA
1000
0001
0010
0100
1000
0010
0001
0001
1000
0001
0010
1000
0010
0100
1000

>B
0100

>CCACDCB
0010
0010
1000
0010
0001
0010
0100

>CCDDBBB
0010
0010
0001
0001
0100
0100
0100

>CCDDABBBAACA
0010
0010
0001
0001
1000
0100
0100
0100
1000
1000
0010
1000

>ADCDA
1000
0001
0010
0001
1000

>ADBDCB
1000
0001
0100
0001
0010
0100

>DA
0001
1000

>DAA
0001
1000
1000

>D
0001

>DDDDBA
0001
0001
0001
0001
0100
1000

>DA
0001
1000

>CCACD
0010
0010
1000
0010
0001

>CAA
0010
1000
1000

>BDD
0100
0001
0001

>DCBAA
0001
0010
0100
1000
1000

>AACDDDB
1000
1000
0010
0001
0001
0001
0100

>AABBDDDDBDABDBA
1000
1000
0100
0100
0001
0001
0001
0001
0100
0001
1000
0100
0001
0100
1000

>BB
0100
0100

>AADDBCA
1000
1000
0001
0001
0100
0010
1000

>D
0001

>DC
0001
0010

>BDADABA
0100
0001
1000
0001
1000
0100
1000

>ACCA
1000
0010
0010
1000

>CB
0010
0100

>AADDDCBD
1000
1000
0001
0001
0001
0010
0100
0001

>CDAC
0010
0001
1000
0010

>BBCB
0100
0100
0010
0100

>D
0001

>AADDBD
1000
1000
0001
0001
0100
0001

>DBDDA
0001
0100
0001
0001
1000

>CD
0010
0001

>D
0001

>A
1000

>BAAC
0100
1000
1000
0010

>A
1000

>D
0001

>DDDBBB
0001
0001
0001
0100
0100
0100

>BB
0100
0100

>C
0010

>CAD
0010
1000
0001

>DA
0001
1000

>DC
0001
0010

>DCAAC
0001
0010
1000
1000
0010

>AACCB
1000
1000
0010
0010
0100

>AB
1000
0100

>CDC
0010
0001
0010

>BACDB
0100
1000
0010
0001
0100

>DCCBCAAAA
0001
0010
0010
0100
0010
1000
1000
1000
1000

>B
0100

>DD
0001
0001

>A
1000

>ABCD
1000
0100
0010
0001

>AADC
1000
1000
0001
0010

>BBAACC
0100
0100
1000
1000
0010
0010

>BCBB
0100
0010
0100
0100

>D
0001

>D
0001

>DC
0001
0010

>C
0010

>D
0001

>CD
0010
0001

>BCABCBAAC
0100
0010
1000
0100
0010
0100
1000
1000
0010

>BACDAB
0100
1000
0010
0001
1000
0100

>DB
0001
0100

>DB
0001
0100

>CCCBCC
0010
0010
0010
0100
0010
0010

