ABCD
>BA
0100
1000

>BDCB
0100
0001
0010
0100

>ABBDDB
1000
0100
0100
0001
0001
0100

>ACDB
1000
0010
0001
0100

>B
0100

>AAABD
1000
1000
1000
0100
0001

>CA
0010
1000

>BDBDA
0100
0001
0100
0001
1000

>CCDA
0010
0010
0001
1000

>AAABAABC
1000
1000
1000
0100
1000
1000
0100
0010

>A
1000

>B
0100

>CBBABABACA
0010
0100
0100
1000
0100
1000
0100
1000
0010
1000

>CB
0010
0100

>DBBDCD
0001
0100
0100
0001
0010
0001

>AAA
1000
1000
1000

>CB
0010
0100

>CDB
0010
0001
0100

>BDAD
0100
0001
1000
0001

>CBACAAB
0010
0100
1000
0010
1000
1000
0100

