ABCD
>AA
1000
1000

>CBADCBBACAC
0010
0100
1000
0001
0010
0100
0100
1000
0010
1000
0010

>CC
0010
0010

>CAB
0010
1000
0100

>AD
1000
0001

>DC
0001
0010

>AB
1000
0100

>BDAAC
0100
0001
1000
1000
0010

>ABACDADCDBCDAA
1000
0100
1000
0010
0001
1000
0001
0010
0001
0100
0010
0001
1000
1000

>CBACAA
0010
0100
1000
0010
1000
1000

>BABBCDB
0100
1000
0100
0100
0010
0001
0100

>ADDC
1000
0001
0001
0010

>AAB
1000
1000
0100

>CCD
0010
0010
0001

>C
0010

>C
0010

>CB
0010
0100

>DCCC
0001
0010
0010
0010

>DB
0001
0100

>CD
0010
0001

>D
0001

>CC
0010
0010

>DCBB
0001
0010
0100
0100

>DCAADDB
0001
0010
1000
1000
0001
0001
0100

>A
1000

>D
0001

>C
0010

>AACCBABDDDD
1000
1000
0010
0010
0100
1000
0100
0001
0001
0001
0001

>CCAACA
0010
0010
1000
1000
0010
1000

>DBB
0001
0100
0100

>BCCBCB
0100
0010
0010
0100
0010
0100

>BCDCDBCDCA
0100
0010
0001
0010
0001
0100
0010
0001
0010
1000

>CC
0010
0010

>DA
0001
1000

>A
1000

>B
0100

>C
0010

>DCAAA
0001
0010
1000
1000
1000

>ADDBBDCCBBBDAC
1000
0001
0001
0100
0100
0001
0010
0010
0100
0100
0100
0001
1000
0010

>BBA
0100
0100
1000

