ABCD
>CBDAB
0010
0100
0001
1000
0100

>DCACCA
0001
0010
1000
0010
0010
1000

>ABCDCA
1000
0100
0010
0001
0010
1000

>AABDCDCAC
1000
1000
0100
0001
0010
0001
0010
1000
0010

>DC
0001
0010

>C
0010

>A
1000

>A
1000

>B
0100

>CADADBBBAABB
0010
1000
0001
1000
0001
0100
0100
0100
1000
1000
0100
0100

>C
0010

>AD
1000
0001

>C
0010

>ABA
1000
0100
1000

>C
0010

>BC
0100
0010

>DDBBADBABBDBDDA
0001
0001
0100
0100
1000
0001
0100
1000
0100
0100
0001
0100
0001
0001
1000

>ACDDDDCCCBC
1000
0010
0001
0001
0001
0001
0010
0010
0010
0100
0010

>B
0100

>D
0001

>A
1000

>B
0100

>B
0100

>DCDD
0001
0010
0001
0001

>D
0001

>CABDDDD
0010
1000
0100
0001
0001
0001
0001

>DCCBADDBDDADDB
0001
0010
0010
0100
1000
0001
0001
0100
0001
0001
1000
0001
0001
0100

>AA
1000
1000

>AADCCD
1000
1000
0001
0010
0010
0001

>B
0100

>CDC
0010
0001
0010

>A
1000

>CACDBBDACD
0010
1000
0010
0001
0100
0100
0001
1000
0010
0001

>D
0001

>ADBCDD
1000
0001
0100
0010
0001
0001

>B
0100

>D
0001

>AD
1000
0001

>BD
0100
0001

>ADDCAAABB
1000
0001
0001
0010
1000
1000
1000
0100
0100

>B
0100

>B
0100

>D
0001

>A
1000

>BBD
0100
0100
0001

>ADBBBCDADD
1000
0001
0100
0100
0100
0010
0001
1000
0001
0001

>AA
1000
1000

>DC
0001
0010

>DA
0001
1000

>CC
0010
0010

>B
0100

>CDDC
0010
0001
0001
0010

>CAAA
0010
1000
1000
1000

>A
1000

>ADCD
1000
0001
0010
0001

>BCA
0100
0010
1000

>AD
1000
0001

>BBDBBA
0100
0100
0001
0100
0100
1000

>CBBC
0010
0100
0100
0010

>DCBBADBC
0001
0010
0100
0100
1000
0001
0100
0010

>AD
1000
0001

>D
0001

>A
1000

>BA
0100
1000

>CDBDBBABDADDBBCDAAADACCACBAABD
0010
0001
0100
0001
0100
0100
1000
0100
0001
1000
0001
0001
0100
0100
0010
0001
1000
1000
1000
0001
1000
0010
0010
1000
0010
0100
1000
1000
0100
0001

>ACDCABDDAA
1000
0010
0001
0010
1000
0100
0001
0001
1000
1000

>D
0001

>AA
1000
1000

>CB
0010
0100

>C
0010

>D
0001

>BAAD
0100
1000
1000
0001

>BDCCDBB
0100
0001
0010
0010
0001
0100
0100

>ADDACCC
1000
0001
0001
1000
0010
0010
0010

>BCDC
0100
0010
0001
0010

>DBBAABAAC
0001
0100
0100
1000
1000
0100
1000
1000
0010

>DB
0001
0100

>C
0010

>BBC
0100
0100
0010

>BDABACAAADBB
0100
0001
1000
0100
1000
0010
1000
1000
1000
0001
0100
0100

