ABCD
>BDA
0100
0001
1000

>CBACBABDABB
0010
0100
1000
0010
0100
1000
0100
0001
1000
0100
0100

>DD
0001
0001

>B
0100

>D
0001

>DB
0001
0100

>A
1000

>A
1000

>BAC
0100
1000
0010

>A
1000

>B
0100

>B
0100

>DBCDABCBAAAABDADCA
0001
0100
0010
0001
1000
0100
0010
0100
1000
1000
1000
1000
0100
0001
1000
0001
0010
1000

>B
0100

>DCDC
0001
0010
0001
0010

>CCD
0010
0010
0001

>DA
0001
1000

>BB
0100
0100

>BAABABBAADDAC
0100
1000
1000
0100
1000
0100
0100
1000
1000
0001
0001
1000
0010

>A
1000

>AD
1000
0001

>DD
0001
0001

>CA
0010
1000

>BABBB
0100
1000
0100
0100
0100

>BADAABAA
0100
1000
0001
1000
1000
0100
1000
1000

>BCABCADBDBBADDDCAABDCB
0100
0010
1000
0100
0010
1000
0001
0100
0001
0100
0100
1000
0001
0001
0001
0010
1000
1000
0100
0001
0010
0100

>D
0001

>AD
1000
0001

>ABBC
1000
0100
0100
0010

>BCCAC
0100
0010
0010
1000
0010

>A
1000

>D
0001

>C
0010

>C
0010

>DAAA
0001
1000
1000
1000

>CB
0010
0100

>ABCBABACDC
1000
0100
0010
0100
1000
0100
1000
0010
0001
0010

>A
1000

>BCADAAC
0100
0010
1000
0001
1000
1000
0010

>DADAACBB
0001
1000
0001
1000
1000
0010
0100
0100

>DD
0001
0001

>DBDDDBDBAACDB
0001
0100
0001
0001
0001
0100
0001
0100
1000
1000
0010
0001
0100

>DCAD
0001
0010
1000
0001

>DBA
0001
0100
1000

>CAAA
0010
1000
1000
1000

>BB
0100
0100

>ABD
1000
0100
0001

>BAD
0100
1000
0001

>CCA
0010
0010
1000

>CA
0010
1000

>C
0010

>CAC
0010
1000
0010

>C
0010

>CAC
0010
1000
0010

>DC
0001
0010

>CDB
0010
0001
0100

>ACDC
1000
0010
0001
0010

>CBBC
0010
0100
0100
0010

>DD
0001
0001

>CBCAC
0010
0100
0010
1000
0010

>DDD
0001
0001
0001

>AC
1000
0010

>ADB
1000
0001
0100

>B
0100

>C
0010

>ABACCCAB
1000
0100
1000
0010
0010
0010
1000
0100

>BDADBC
0100
0001
1000
0001
0100
0010

>B
0100

>DABA
0001
1000
0100
1000

>DBCBBDCCBD
0001
0100
0010
0100
0100
0001
0010
0010
0100
0001

>BDDDCDABDBCABAD
0100
0001
0001
0001
0010
0001
1000
0100
0001
0100
0010
1000
0100
1000
0001

>DACCDBBA
0001
1000
0010
0010
0001
0100
0100
1000

>BBBACCAAADDB
0100
0100
0100
1000
0010
0010
1000
1000
1000
0001
0001
0100

>B
0100

>BD
0100
0001

>ACAABABDC
1000
0010
1000
1000
0100
1000
0100
0001
0010

>DDBD
0001
0001
0100
0001

>CADA
0010
1000
0001
1000

>ADCBCA
1000
0001
0010
0100
0010
1000

>BDBDCCB
0100
0001
0100
0001
0010
0010
0100

>A
1000

>AA
1000
1000

>BA
0100
1000

>ABB
1000
0100
0100

>A
1000

>CB
0010
0100

>BCADA
0100
0010
1000
0001
1000

>AA
1000
1000

>DCDBD
0001
0010
0001
0100
0001

>DB
0001
0100

>DBBBDDDBBDC
0001
0100
0100
0100
0001
0001
0001
0100
0100
0001
0010

>CBACB
0010
0100
1000
0010
0100

>AAABAC
1000
1000
1000
0100
1000
0010

>B
0100

>C
0010

>ACBB
1000
0010
0100
0100

>CDAD
0010
0001
1000
0001

>BABAC
0100
1000
0100
1000
0010

>ABBBCD
1000
0100
0100
0100
0010
0001

>ADAD
1000
0001
1000
0001

>DDBCBAAC
0001
0001
0100
0010
0100
1000
1000
0010

>BA
0100
1000

>BDDDACAC
0100
0001
0001
0001
1000
0010
1000
0010

>BDDD
0100
0001
0001
0001

>D
0001

>CCB
0010
0010
0100

>C
0010

>CCDCCAB
0010
0010
0001
0010
0010
1000
0100

>CCDCBCDABBAACADDCC
0010
0010
0001
0010
0100
0010
0001
1000
0100
0100
1000
1000
0010
1000
0001
0001
0010
0010

>BDD
0100
0001
0001

>ACAC
1000
0010
1000
0010

>DDBABBA
0001
0001
0100
1000
0100
0100
1000

>C
0010

>BA
0100
1000

>D
0001

>BDA
0100
0001
1000

>DD
0001
0001

>BDDACCDCC
0100
0001
0001
1000
0010
0010
0001
0010
0010

>DC
0001
0010

>C
0010

>CDCCCB
0010
0001
0010
0010
0010
0100

>DBDC
0001
0100
0001
0010

>CADDA
0010
1000
0001
0001
1000

>DADAAAA
0001
1000
0001
1000
1000
1000
1000

>DA
0001
1000

>A
1000

>ADBC
1000
0001
0100
0010

>BBA
0100
0100
1000

>CBBDB
0010
0100
0100
0001
0100

>B
0100

>DADDC
0001
1000
0001
0001
0010

>BAAA
0100
1000
1000
1000

>CCDCACDB
0010
0010
0001
0010
1000
0010
0001
0100

>DCBAACB
0001
0010
0100
1000
1000
0010
0100

>BCBBCABACC
0100
0010
0100
0100
0010
1000
0100
1000
0010
0010

>ADAA
1000
0001
1000
1000

>DB
0001
0100

>BDDDCAADA
0100
0001
0001
0001
0010
1000
1000
0001
1000

>DAB
0001
1000
0100

>BB
0100
0100

>D
0001

>DBB
0001
0100
0100

>B
0100

>BC
0100
0010

>DBCBBDADCAACA
0001
0100
0010
0100
0100
0001
1000
0001
0010
1000
1000
0010
1000

>BB
0100
0100

>CA
0010
1000

>A
1000

>BA
0100
1000

>AB
1000
0100

>A
1000

>C
0010

>AAA
1000
1000
1000

>D
0001

>DACD
0001
1000
0010
0001

>C
0010

>BCDC
0100
0010
0001
0010

>CB
0010
0100

>BABADC
0100
1000
0100
1000
0001
0010

>CD
0010
0001

