ABCD
>DCCCCAADA
0001
0010
0010
0010
0010
1000
1000
0001
1000

>A
1000

>BAACD
0100
1000
1000
0010
0001

>CAC
0010
1000
0010

>DCAD
0001
0010
1000
0001

>AAD
1000
1000
0001

>DADBCCAC
0001
1000
0001
0100
0010
0010
1000
0010

>DAAA
0001
1000
1000
1000

>C
0010

>AAB
1000
1000
0100

>DCB
0001
0010
0100

>B
0100

>BBACDDCDC
0100
0100
1000
0010
0001
0001
0010
0001
0010

>BBCDA
0100
0100
0010
0001
1000

>DC
0001
0010

>C
0010

>AD
1000
0001

>ADC
1000
0001
0010

>ACDDAACAADA
1000
0010
0001
0001
1000
1000
0010
1000
1000
0001
1000

>CC
0010
0010

