ABCD
>A
1000

>A
1000

>DA
0001
1000

>DCC
0001
0010
0010

>B
0100

>CABABCCDCCDCCA
0010
1000
0100
1000
0100
0010
0010
0001
0010
0010
0001
0010
0010
1000

>C
0010

>CA
0010
1000

>ACDDDBCDCAADC
1000
0010
0001
0001
0001
0100
0010
0001
0010
1000
1000
0001
0010

>DCB
0001
0010
0100

>DAADD
0001
1000
1000
0001
0001

>CD
0010
0001

>D
0001

>CDBC
0010
0001
0100
0010

>DB
0001
0100

>C
0010

>D
0001

>BD
0100
0001

>ACDBBDAAA
1000
0010
0001
0100
0100
0001
1000
1000
1000

>D
0001

>ACBBCBBD
1000
0010
0100
0100
0010
0100
0100
0001

>ABCABCBADBBDDCD
1000
0100
0010
1000
0100
0010
0100
1000
0001
0100
0100
0001
0001
0010
0001

>CADACCCAD
0010
1000
0001
1000
0010
0010
0010
1000
0001

>BB
0100
0100

>DBDC
0001
0100
0001
0010

>CD
0010
0001

>BCAABD
0100
0010
1000
1000
0100
0001

>DCBDBBB
0001
0010
0100
0001
0100
0100
0100

>CCADAC
0010
0010
1000
0001
1000
0010

>CC
0010
0010

>DAC
0001
1000
0010

>B
0100

>CBBBDDAA
0010
0100
0100
0100
0001
0001
1000
1000

>D
0001

>CAB
0010
1000
0100

>ADBABD
1000
0001
0100
1000
0100
0001

>C
0010

>B
0100

>CD
0010
0001

>DCDB
0001
0010
0001
0100

