ABCD
>DBDCC
0001
0100
0001
0010
0010

>ADCC
1000
0001
0010
0010

>AD
1000
0001

>BBCC
0100
0100
0010
0010

>ADBAAADCC
1000
0001
0100
1000
1000
1000
0001
0010
0010

>ACBB
1000
0010
0100
0100

>BCDA
0100
0010
0001
1000

>ABAD
1000
0100
1000
0001

>CB
0010
0100

>A
1000

>A
1000

>ADCA
1000
0001
0010
1000

>ACD
1000
0010
0001

>DA
0001
1000

>DDADACAAB
0001
0001
1000
0001
1000
0010
1000
1000
0100

>CBDC
0010
0100
0001
0010

>BDCAB
0100
0001
0010
1000
0100

>B
0100

>AABBBDD
1000
1000
0100
0100
0100
0001
0001

>D
0001

>BC
0100
0010

>DA
0001
1000

>ACDCBAACBADDAABDCBADB
1000
0010
0001
0010
0100
1000
1000
0010
0100
1000
0001
0001
1000
1000
0100
0001
0010
0100
1000
0001
0100

>BACDAAADABC
0100
1000
0010
0001
1000
1000
1000
0001
1000
0100
0010

>BADBCB
0100
1000
0001
0100
0010
0100

>A
1000

>CAD
0010
1000
0001

>BD
0100
0001

>CDBABAB
0010
0001
0100
1000
0100
1000
0100

>BB
0100
0100

>DCC
0001
0010
0010

>AB
1000
0100

>BDCBC
0100
0001
0010
0100
0010

>CBBCAACCDBDDCD
0010
0100
0100
0010
1000
1000
0010
0010
0001
0100
0001
0001
0010
0001

>DDADCAAC
0001
0001
1000
0001
0010
1000
1000
0010

>D
0001

>DAA
0001
1000
1000

>CCBB
0010
0010
0100
0100

>DADA
0001
1000
0001
1000

>CCBABDCDADDDB
0010
0010
0100
1000
0100
0001
0010
0001
1000
0001
0001
0001
0100

>CB
0010
0100

>B
0100

>C
0010

>CB
0010
0100

>BCCAA
0100
0010
0010
1000
1000

>CD
0010
0001

>B
0100

>CB
0010
0100

>DAAD
0001
1000
1000
0001

>AAA
1000
1000
1000

>DDDCABA
0001
0001
0001
0010
1000
0100
1000

>DCB
0001
0010
0100

>B
0100

>C
0010

>C
0010

>CAD
0010
1000
0001

>CABBBCBCBCDC
0010
1000
0100
0100
0100
0010
0100
0010
0100
0010
0001
0010

>AA
1000
1000

>BD
0100
0001

>BC
0100
0010

>DD
0001
0001

>B
0100

>C
0010

>BBDD
0100
0100
0001
0001

>C
0010

>CDCCBCBBCABABAAC
0010
0001
0010
0010
0100
0010
0100
0100
0010
1000
0100
1000
0100
1000
1000
0010

>CCD
0010
0010
0001

>CD
0010
0001

>C
0010

>BDCD
0100
0001
0010
0001

>DBCBBB
0001
0100
0010
0100
0100
0100

>BDBBACC
0100
0001
0100
0100
1000
0010
0010

>DD
0001
0001

>D
0001

>ADDCACB
1000
0001
0001
0010
1000
0010
0100

>AAD
1000
1000
0001

>BCBD
0100
0010
0100
0001

>DCB
0001
0010
0100

>CAA
0010
1000
1000

>DB
0001
0100

