ABCD
>D
0001

>DBA
0001
0100
1000

>DC
0001
0010

>BDCBAA
0100
0001
0010
0100
1000
1000

>CBDAA
0010
0100
0001
1000
1000

>ABA
1000
0100
1000

>DBCDABBACBAB
0001
0100
0010
0001
1000
0100
0100
1000
0010
0100
1000
0100

>C
0010

>ABDABADCA
1000
0100
0001
1000
0100
1000
0001
0010
1000

>BDBB
0100
0001
0100
0100

>ADCABBBACCCCAACCC
1000
0001
0010
1000
0100
0100
0100
1000
0010
0010
0010
0010
1000
1000
0010
0010
0010

>BBDDC
0100
0100
0001
0001
0010

>C
0010

>BA
0100
1000

>D
0001

>D
0001

>AD
1000
0001

>C
0010

>C
0010

>AAB
1000
1000
0100

