ABCD
>ABDBABDBCDD
1000
0100
0001
0100
1000
0100
0001
0100
0010
0001
0001

>C
0010

>B
0100

>ABB
1000
0100
0100

>AAC
1000
1000
0010

>D
0001

>DBACABD
0001
0100
1000
0010
1000
0100
0001

>B
0100

>BBCABDACCBDAAA
0100
0100
0010
1000
0100
0001
1000
0010
0010
0100
0001
1000
1000
1000

>D
0001

>CABAD
0010
1000
0100
1000
0001

>CCB
0010
0010
0100

>DBADDB
0001
0100
1000
0001
0001
0100

>BACADBBA
0100
1000
0010
1000
0001
0100
0100
1000

>B
0100

>BDBCA
0100
0001
0100
0010
1000

>BA
0100
1000

>CADCDBAADCB
0010
1000
0001
0010
0001
0100
1000
1000
0001
0010
0100

>BACBDC
0100
1000
0010
0100
0001
0010

>C
0010

>CC
0010
0010

>BBCB
0100
0100
0010
0100

>BAADCD
0100
1000
1000
0001
0010
0001

>D
0001

>D
0001

>CBADAC
0010
0100
1000
0001
1000
0010

>BAA
0100
1000
1000

>CC
0010
0010

>BADBCAD
0100
1000
0001
0100
0010
1000
0001

>DCB
0001
0010
0100

>CCBACCACDCCCCAB
0010
0010
0100
1000
0010
0010
1000
0010
0001
0010
0010
0010
0010
1000
0100

>AD
1000
0001

>B
0100

>BBCDA
0100
0100
0010
0001
1000

>BD
0100
0001

>BBBAA
0100
0100
0100
1000
1000

>C
0010

>DCC
0001
0010
0010

>C
0010

>CC
0010
0010

>AAADDB
1000
1000
1000
0001
0001
0100

>ACA
1000
0010
1000

>BDCB
0100
0001
0010
0100

>DDDCCB
0001
0001
0001
0010
0010
0100

>CDAABACAD
0010
0001
1000
1000
0100
1000
0010
1000
0001

>BDDBBD
0100
0001
0001
0100
0100
0001

>BAADAACACDD
0100
1000
1000
0001
1000
1000
0010
1000
0010
0001
0001

>BCACC
0100
0010
1000
0010
0010

>C
0010

>CADADCADDBDDC
0010
1000
0001
1000
0001
0010
1000
0001
0001
0100
0001
0001
0010

>A
1000

>DCABD
0001
0010
1000
0100
0001

>DCABBCCBDBBCCB
0001
0010
1000
0100
0100
0010
0010
0100
0001
0100
0100
0010
0010
0100

>CDC
0010
0001
0010

>DBBA
0001
0100
0100
1000

>DAA
0001
1000
1000

>B
0100

>DBA
0001
0100
1000

>B
0100

>CBBD
0010
0100
0100
0001

>BDDC
0100
0001
0001
0010

>CCBDCB
0010
0010
0100
0001
0010
0100

>AAD
1000
1000
0001

>CDDDAD
0010
0001
0001
0001
1000
0001

>AD
1000
0001

>A
1000

>BCCBBD
0100
0010
0010
0100
0100
0001

>BC
0100
0010

>ACAA
1000
0010
1000
1000

>BADBADDCDABCBAAAB
0100
1000
0001
0100
1000
0001
0001
0010
0001
1000
0100
0010
0100
1000
1000
1000
0100

>CAB
0010
1000
0100

>ACAAADBDAAC
1000
0010
1000
1000
1000
0001
0100
0001
1000
1000
0010

>A
1000

>CD
0010
0001

>C
0010

>CBCA
0010
0100
0010
1000

>BCDCA
0100
0010
0001
0010
1000

>CDC
0010
0001
0010

>DCDBB
0001
0010
0001
0100
0100

>AABDA
1000
1000
0100
0001
1000

>DA
0001
1000

>DD
0001
0001

>A
1000

>CCC
0010
0010
0010

>C
0010

>DBCDCACB
0001
0100
0010
0001
0010
1000
0010
0100

>BB
0100
0100

>BA
0100
1000

>B
0100

>CDCBD
0010
0001
0010
0100
0001

>DCBDD
0001
0010
0100
0001
0001

>ACCBBCDD
1000
0010
0010
0100
0100
0010
0001
0001

>CDBAA
0010
0001
0100
1000
1000

>D
0001

>B
0100

>A
1000

>D
0001

>B
0100

>BCA
0100
0010
1000

>AACD
1000
1000
0010
0001

>DAD
0001
1000
0001

>DAAADAD
0001
1000
1000
1000
0001
1000
0001

>BBA
0100
0100
1000

>CC
0010
0010

>ABCDCABABDACC
1000
0100
0010
0001
0010
1000
0100
1000
0100
0001
1000
0010
0010

>DCBA
0001
0010
0100
1000

>D
0001

>A
1000

>ACBBC
1000
0010
0100
0100
0010

>C
0010

>BA
0100
1000

>BAB
0100
1000
0100

>C
0010

>BCAA
0100
0010
1000
1000

>C
0010

>CBAC
0010
0100
1000
0010

>CA
0010
1000

>BABADDBBB
0100
1000
0100
1000
0001
0001
0100
0100
0100

>CC
0010
0010

>AACAACCDDDADBCDBDCAACD
1000
1000
0010
1000
1000
0010
0010
0001
0001
0001
1000
0001
0100
0010
0001
0100
0001
0010
1000
1000
0010
0001

>A
1000

>BBBCACC
0100
0100
0100
0010
1000
0010
0010

>B
0100

>CC
0010
0010

>BB
0100
0100

>AD
1000
0001

>DDBB
0001
0001
0100
0100

>CDBC
0010
0001
0100
0010

>A
1000

>CDC
0010
0001
0010

>DAB
0001
1000
0100

>D
0001

>BDCC
0100
0001
0010
0010

>AADAAACACDABD
1000
1000
0001
1000
1000
1000
0010
1000
0010
0001
1000
0100
0001

>CCBDCBCD
0010
0010
0100
0001
0010
0100
0010
0001

>B
0100

>ABDDDDD
1000
0100
0001
0001
0001
0001
0001

>BDDA
0100
0001
0001
1000

>CAB
0010
1000
0100

>ADA
1000
0001
1000

>CACCA
0010
1000
0010
0010
1000

>B
0100

>D
0001

>A
1000

>D
0001

>C
0010

>BB
0100
0100

>C
0010

>ADABAABBBAACAC
1000
0001
1000
0100
1000
1000
0100
0100
0100
1000
1000
0010
1000
0010

>B
0100

>B
0100

>AC
1000
0010

>CBCD
0010
0100
0010
0001

>DA
0001
1000

>DACDA
0001
1000
0010
0001
1000

>BD
0100
0001

>B
0100

>AA
1000
1000

>BAACBCDBDABBA
0100
1000
1000
0010
0100
0010
0001
0100
0001
1000
0100
0100
1000

>CB
0010
0100

