ABCD
>B
0100

>AD
1000
0001

>DDC
0001
0001
0010

>A
1000

>ABCDAACBDC
1000
0100
0010
0001
1000
1000
0010
0100
0001
0010

>CCA
0010
0010
1000

>ADDDC
1000
0001
0001
0001
0010

>A
1000

>CACCAABB
0010
1000
0010
0010
1000
1000
0100
0100

>ACDC
1000
0010
0001
0010

>ABBCACAC
1000
0100
0100
0010
1000
0010
1000
0010

>DB
0001
0100

>CCDBCA
0010
0010
0001
0100
0010
1000

>D
0001

>CDAACDC
0010
0001
1000
1000
0010
0001
0010

>AC
1000
0010

>BBAA
0100
0100
1000
1000

>AC
1000
0010

>BACCA
0100
1000
0010
0010
1000

>CCCAB
0010
0010
0010
1000
0100

