ABCD
>DDCD
0001
0001
0010
0001

>CCBB
0010
0010
0100
0100

>C
0010

>DC
0001
0010

>DCBABBDC
0001
0010
0100
1000
0100
0100
0001
0010

>CA
0010
1000

>CDBBA
0010
0001
0100
0100
1000

>BCADCC
0100
0010
1000
0001
0010
0010

>AD
1000
0001

>ADDABACBBBB
1000
0001
0001
1000
0100
1000
0010
0100
0100
0100
0100

>ACA
1000
0010
1000

>DBCB
0001
0100
0010
0100

>DCBCBCCD
0001
0010
0100
0010
0100
0010
0010
0001

>CAACB
0010
1000
1000
0010
0100

>DCD
0001
0010
0001

>B
0100

>DA
0001
1000

>AA
1000
1000

>A
1000

>B
0100

>DD
0001
0001

>ADAAAABDCAD
1000
0001
1000
1000
1000
1000
0100
0001
0010
1000
0001

>BDDDCDACBA
0100
0001
0001
0001
0010
0001
1000
0010
0100
1000

>BABADDBBB
0100
1000
0100
1000
0001
0001
0100
0100
0100

>ACDDA
1000
0010
0001
0001
1000

>ACCAAA
1000
0010
0010
1000
1000
1000

>CD
0010
0001

>CCDBDABBACDA
0010
0010
0001
0100
0001
1000
0100
0100
1000
0010
0001
1000

>BA
0100
1000

>BD
0100
0001

>D
0001

>CDA
0010
0001
1000

>DCCCABA
0001
0010
0010
0010
1000
0100
1000

>D
0001

>A
1000

>C
0010

>CAB
0010
1000
0100

>BB
0100
0100

>A
1000

>DDAB
0001
0001
1000
0100

