ABCD
>BAACBCABADBBCCADBAC
0100
1000
1000
0010
0100
0010
1000
0100
1000
0001
0100
0100
0010
0010
1000
0001
0100
1000
0010

>AC
1000
0010

>BBBDDCD
0100
0100
0100
0001
0001
0010
0001

>ADDC
1000
0001
0001
0010

>DDCADDDB
0001
0001
0010
1000
0001
0001
0001
0100

>A
1000

>AABCADB
1000
1000
0100
0010
1000
0001
0100

>DBD
0001
0100
0001

>DB
0001
0100

>DBACAC
0001
0100
1000
0010
1000
0010

>DCCCABCCDD
0001
0010
0010
0010
1000
0100
0010
0010
0001
0001

>D
0001

>BBDD
0100
0100
0001
0001

>DCCBD
0001
0010
0010
0100
0001

>C
0010

>CDDACDABBC
0010
0001
0001
1000
0010
0001
1000
0100
0100
0010

>BADABD
0100
1000
0001
1000
0100
0001

>AB
1000
0100

>BC
0100
0010

>DBD
0001
0100
0001

>BBCCC
0100
0100
0010
0010
0010

>D
0001

>ABBDCBC
1000
0100
0100
0001
0010
0100
0010

>D
0001

>BABDCB
0100
1000
0100
0001
0010
0100

>CBBCCCB
0010
0100
0100
0010
0010
0010
0100

>CDBABB
0010
0001
0100
1000
0100
0100

>BBBAADDDC
0100
0100
0100
1000
1000
0001
0001
0001
0010

>ABC
1000
0100
0010

>DABCDB
0001
1000
0100
0010
0001
0100

>DA
0001
1000

>BABCC
0100
1000
0100
0010
0010

>B
0100

>CA
0010
1000

>DBB
0001
0100
0100

>ACDC
1000
0010
0001
0010

>CD
0010
0001

>DD
0001
0001

>BB
0100
0100

>CB
0010
0100

>BCC
0100
0010
0010

>C
0010

>C
0010

>AAA
1000
1000
1000

>CA
0010
1000

>BB
0100
0100

>CBCDB
0010
0100
0010
0001
0100

>BA
0100
1000

>B
0100

>ADCC
1000
0001
0010
0010

>A
1000

>ADDC
1000
0001
0001
0010

>C
0010

>DBDA
0001
0100
0001
1000

>BB
0100
0100

>BAAB
0100
1000
1000
0100

>D
0001

>DC
0001
0010

>C
0010

>B
0100

>A
1000

>ADABCBDDD
1000
0001
1000
0100
0010
0100
0001
0001
0001

>BDCDDBBD
0100
0001
0010
0001
0001
0100
0100
0001

>CDCCAB
0010
0001
0010
0010
1000
0100

>CAA
0010
1000
1000

>DDCCBB
0001
0001
0010
0010
0100
0100

>ADBBB
1000
0001
0100
0100
0100

>D
0001

>ADAAAB
1000
0001
1000
1000
1000
0100

>A
1000

>D
0001

>DBBB
0001
0100
0100
0100

>ACBCBBD
1000
0010
0100
0010
0100
0100
0001

>BCB
0100
0010
0100

>C
0010

>DA
0001
1000

>BDDCC
0100
0001
0001
0010
0010

>AADCADDAA
1000
1000
0001
0010
1000
0001
0001
1000
1000

>DCCBACBCBCAABB
0001
0010
0010
0100
1000
0010
0100
0010
0100
0010
1000
1000
0100
0100

>CACB
0010
1000
0010
0100

