ABCD
>DBD
0001
0100
0001

>DBC
0001
0100
0010

>ABCD
1000
0100
0010
0001

>D
0001

>D
0001

>B
0100

>DBCA
0001
0100
0010
1000

>A
1000

>ACD
1000
0010
0001

>D
0001

>CD
0010
0001

>AD
1000
0001

>B
0100

>DC
0001
0010

>BAA
0100
1000
1000

>D
0001

>CBCBCACDABABCC
0010
0100
0010
0100
0010
1000
0010
0001
1000
0100
1000
0100
0010
0010

>AABB
1000
1000
0100
0100

>CCABBDADCBACACAC
0010
0010
1000
0100
0100
0001
1000
0001
0010
0100
1000
0010
1000
0010
1000
0010

>DBDCBBAC
0001
0100
0001
0010
0100
0100
1000
0010

>DCAA
0001
0010
1000
1000

>DCBBCDDB
0001
0010
0100
0100
0010
0001
0001
0100

>BDD
0100
0001
0001

>CDDCA
0010
0001
0001
0010
1000

>C
0010

>C
0010

>CB
0010
0100

>BACDDABABCDDBCBDAB
0100
1000
0010
0001
0001
1000
0100
1000
0100
0010
0001
0001
0100
0010
0100
0001
1000
0100

>DCA
0001
0010
1000

>ADAA
1000
0001
1000
1000

>CADCDC
0010
1000
0001
0010
0001
0010

>DCBDC
0001
0010
0100
0001
0010

>CAB
0010
1000
0100

>CCADCABC
0010
0010
1000
0001
0010
1000
0100
0010

>D
0001

>BBA
0100
0100
1000

>AAD
1000
1000
0001

>ACD
1000
0010
0001

>BDBADCDCABABDABB
0100
0001
0100
1000
0001
0010
0001
0010
1000
0100
1000
0100
0001
1000
0100
0100

>D
0001

>BBCA
0100
0100
0010
1000

>C
0010

>BADCB
0100
1000
0001
0010
0100

>AAB
1000
1000
0100

>A
1000

>AABCCDDBADC
1000
1000
0100
0010
0010
0001
0001
0100
1000
0001
0010

>ADA
1000
0001
1000

>BBAC
0100
0100
1000
0010

>DCB
0001
0010
0100

>CBBDBB
0010
0100
0100
0001
0100
0100

>BBDB
0100
0100
0001
0100

>BBBCA
0100
0100
0100
0010
1000

>CDABDBAB
0010
0001
1000
0100
0001
0100
1000
0100

>CBC
0010
0100
0010

>DA
0001
1000

>AC
1000
0010

>DD
0001
0001

>AADCDCBCCB
1000
1000
0001
0010
0001
0010
0100
0010
0010
0100

>DBBCBBABA
0001
0100
0100
0010
0100
0100
1000
0100
1000

>D
0001

>CAAACCACAAB
0010
1000
1000
1000
0010
0010
1000
0010
1000
1000
0100

>D
0001

>DDB
0001
0001
0100

>DB
0001
0100

>AC
1000
0010

>DBD
0001
0100
0001

>DDBDADA
0001
0001
0100
0001
1000
0001
1000

>ACCC
1000
0010
0010
0010

>C
0010

>AC
1000
0010

>C
0010

>BD
0100
0001

>CBDDDA
0010
0100
0001
0001
0001
1000

>BCCDCC
0100
0010
0010
0001
0010
0010

>BAADAAB
0100
1000
1000
0001
1000
1000
0100

>DDBCBB
0001
0001
0100
0010
0100
0100

>CBDABADADDD
0010
0100
0001
1000
0100
1000
0001
1000
0001
0001
0001

>D
0001

>A
1000

>BCDAC
0100
0010
0001
1000
0010

>BBD
0100
0100
0001

>CADCD
0010
1000
0001
0010
0001

>DAC
0001
1000
0010

>CCCB
0010
0010
0010
0100

>CCBCCB
0010
0010
0100
0010
0010
0100

>CDC
0010
0001
0010

>AC
1000
0010

>DADB
0001
1000
0001
0100

>BC
0100
0010

>C
0010

>A
1000

>CC
0010
0010

>BCBDCD
0100
0010
0100
0001
0010
0001

>AADCACCCABB
1000
1000
0001
0010
1000
0010
0010
0010
1000
0100
0100

>B
0100

>B
0100

>BAACA
0100
1000
1000
0010
1000

>BBB
0100
0100
0100

>A
1000

>BAAACBC
0100
1000
1000
1000
0010
0100
0010

>AB
1000
0100

>CABDC
0010
1000
0100
0001
0010

>AAB
1000
1000
0100

>B
0100

>DCACADB
0001
0010
1000
0010
1000
0001
0100

>BBCB
0100
0100
0010
0100

>ABA
1000
0100
1000

>BCDCAB
0100
0010
0001
0010
1000
0100

>B
0100

>ADCA
1000
0001
0010
1000

>ADDCB
1000
0001
0001
0010
0100

>DA
0001
1000

>DBDCBADCCBCCDDB
0001
0100
0001
0010
0100
1000
0001
0010
0010
0100
0010
0010
0001
0001
0100

>DDAB
0001
0001
1000
0100

>BD
0100
0001

>D
0001

>DB
0001
0100

>BBAD
0100
0100
1000
0001

>BCD
0100
0010
0001

>AC
1000
0010

>DBBDC
0001
0100
0100
0001
0010

>D
0001

>AACAD
1000
1000
0010
1000
0001

>BC
0100
0010

>C
0010

>ADBAAAACC
1000
0001
0100
1000
1000
1000
1000
0010
0010

>DACDBADD
0001
1000
0010
0001
0100
1000
0001
0001

>C
0010

>CBAC
0010
0100
1000
0010

>C
0010

>CACDAA
0010
1000
0010
0001
1000
1000

>DB
0001
0100

>DA
0001
1000

>AA
1000
1000

>DAAABDBBA
0001
1000
1000
1000
0100
0001
0100
0100
1000

>DC
0001
0010

>D
0001

>A
1000

>DAAAC
0001
1000
1000
1000
0010

>CCAA
0010
0010
1000
1000

>D
0001

>ABCBADBCDBD
1000
0100
0010
0100
1000
0001
0100
0010
0001
0100
0001

>DACCDCAA
0001
1000
0010
0010
0001
0010
1000
1000

>A
1000

>CD
0010
0001

>DADD
0001
1000
0001
0001

>BA
0100
1000

>DDCBADCCDCBCACADCACA
0001
0001
0010
0100
1000
0001
0010
0010
0001
0010
0100
0010
1000
0010
1000
0001
0010
1000
0010
1000

>BB
0100
0100

>ABBBD
1000
0100
0100
0100
0001

>DDD
0001
0001
0001

>D
0001

>A
1000

>BB
0100
0100

>ACDC
1000
0010
0001
0010

>DDC
0001
0001
0010

>A
1000

>CBA
0010
0100
1000

>D
0001

>BADAA
0100
1000
0001
1000
1000

