ABCD
>DD
0001
0001

>BCBC
0100
0010
0100
0010

>CABCACBA
0010
1000
0100
0010
1000
0010
0100
1000

>AAABD
1000
1000
1000
0100
0001

>BDB
0100
0001
0100

>C
0010

>DABA
0001
1000
0100
1000

>BDABCCA
0100
0001
1000
0100
0010
0010
1000

>BCBDDB
0100
0010
0100
0001
0001
0100

>CA
0010
1000

>B
0100

>ADBD
1000
0001
0100
0001

>DABDCBDB
0001
1000
0100
0001
0010
0100
0001
0100

>BCDCD
0100
0010
0001
0010
0001

>A
1000

>B
0100

>ABD
1000
0100
0001

>CCC
0010
0010
0010

>DAD
0001
1000
0001

>CCCCCBDBB
0010
0010
0010
0010
0010
0100
0001
0100
0100

