ABCD
>D
0001

>DA
0001
1000

>BACDCC
0100
1000
0010
0001
0010
0010

>ACAAA
1000
0010
1000
1000
1000

>DABADACA
0001
1000
0100
1000
0001
1000
0010
1000

>ABCABA
1000
0100
0010
1000
0100
1000

>B
0100

>BDC
0100
0001
0010

>C
0010

>CBAAD
0010
0100
1000
1000
0001

>B
0100

>C
0010

>DACA
0001
1000
0010
1000

>ACACABD
1000
0010
1000
0010
1000
0100
0001

>ADAA
1000
0001
1000
1000

>DDAAC
0001
0001
1000
1000
0010

>A
1000

>CBCAD
0010
0100
0010
1000
0001

>BDBCCBCBACCB
0100
0001
0100
0010
0010
0100
0010
0100
1000
0010
0010
0100

>CBACBAADDABAC
0010
0100
1000
0010
0100
1000
1000
0001
0001
1000
0100
1000
0010

>BDB
0100
0001
0100

>C
0010

>CC
0010
0010

>AC
1000
0010

>DA
0001
1000

>BAAD
0100
1000
1000
0001

>D
0001

>CBBA
0010
0100
0100
1000

>DCDADBDBA
0001
0010
0001
1000
0001
0100
0001
0100
1000

>A
1000

>ABCA
1000
0100
0010
1000

>AB
1000
0100

>BBBAC
0100
0100
0100
1000
0010

>DCCC
0001
0010
0010
0010

>CDAC
0010
0001
1000
0010

>DABACD
0001
1000
0100
1000
0010
0001

>BD
0100
0001

>A
1000

>CBCABAABDC
0010
0100
0010
1000
0100
1000
1000
0100
0001
0010

>CB
0010
0100

