ABCD
>A
1000

>BCA
0100
0010
1000

>AA
1000
1000

>AC
1000
0010

>AA
1000
1000

>A
1000

>BA
0100
1000

>CACBB
0010
1000
0010
0100
0100

>CB
0010
0100

>DDBCD
0001
0001
0100
0010
0001

>CDCC
0010
0001
0010
0010

>BDADCBCB
0100
0001
1000
0001
0010
0100
0010
0100

>CA
0010
1000

>C
0010

>BCDBBDDDCB
0100
0010
0001
0100
0100
0001
0001
0001
0010
0100

>CCAACC
0010
0010
1000
1000
0010
0010

>D
0001

>DBDA
0001
0100
0001
1000

>A
1000

>DD
0001
0001

>CCACD
0010
0010
1000
0010
0001

>D
0001

>DB
0001
0100

>DACCCC
0001
1000
0010
0010
0010
0010

>ADDDDB
1000
0001
0001
0001
0001
0100

>BCBCDA
0100
0010
0100
0010
0001
1000

>D
0001

>DCC
0001
0010
0010

>CAAB
0010
1000
1000
0100

>ADDD
1000
0001
0001
0001

>CBAACCC
0010
0100
1000
1000
0010
0010
0010

>BAAADAA
0100
1000
1000
1000
0001
1000
1000

>BCBC
0100
0010
0100
0010

>ACCDBCA
1000
0010
0010
0001
0100
0010
1000

>DBD
0001
0100
0001

>D
0001

>B
0100

>BC
0100
0010

>ADBB
1000
0001
0100
0100

>DDC
0001
0001
0010

>B
0100

>DD
0001
0001

>CA
0010
1000

>A
1000

>B
0100

>AAAAD
1000
1000
1000
1000
0001

>BA
0100
1000

>CDAA
0010
0001
1000
1000

>CCAADDDA
0010
0010
1000
1000
0001
0001
0001
1000

>AAACCB
1000
1000
1000
0010
0010
0100

>CCCAB
0010
0010
0010
1000
0100

>A
1000

>ABA
1000
0100
1000

>BDBDDDDACD
0100
0001
0100
0001
0001
0001
0001
1000
0010
0001

>DA
0001
1000

>A
1000

>CD
0010
0001

>BADBDCA
0100
1000
0001
0100
0001
0010
1000

>BBDCDCDACBBCB
0100
0100
0001
0010
0001
0010
0001
1000
0010
0100
0100
0010
0100

>B
0100

>CABC
0010
1000
0100
0010

>A
1000

>DAAADCCCCADC
0001
1000
1000
1000
0001
0010
0010
0010
0010
1000
0001
0010

>CCBDA
0010
0010
0100
0001
1000

>AB
1000
0100

>CCCBBBD
0010
0010
0010
0100
0100
0100
0001

>B
0100

>AD
1000
0001

>DBCA
0001
0100
0010
1000

>ACBACDCCACAA
1000
0010
0100
1000
0010
0001
0010
0010
1000
0010
1000
1000

>CD
0010
0001

>BADDCD
0100
1000
0001
0001
0010
0001

>D
0001

>CABDCBBABDCAB
0010
1000
0100
0001
0010
0100
0100
1000
0100
0001
0010
1000
0100

>C
0010

>DBAADBB
0001
0100
1000
1000
0001
0100
0100

>CDDA
0010
0001
0001
1000

>ABD
1000
0100
0001

>DBDACBABABBA
0001
0100
0001
1000
0010
0100
1000
0100
1000
0100
0100
1000

>CBA
0010
0100
1000

