ABCD
>DA
0001
1000

>BBBADC
0100
0100
0100
1000
0001
0010

>CC
0010
0010

>DD
0001
0001

>A
1000

>AA
1000
1000

>CCBACAADBCA
0010
0010
0100
1000
0010
1000
1000
0001
0100
0010
1000

>CBBA
0010
0100
0100
1000

>DD
0001
0001

>ABCCDCAB
1000
0100
0010
0010
0001
0010
1000
0100

>BBB
0100
0100
0100

>D
0001

>BDD
0100
0001
0001

>CBCDB
0010
0100
0010
0001
0100

>BBDDB
0100
0100
0001
0001
0100

>CB
0010
0100

>A
1000

>AC
1000
0010

>ACD
1000
0010
0001

>CDDA
0010
0001
0001
1000

>CAAAD
0010
1000
1000
1000
0001

>CAACCBB
0010
1000
1000
0010
0010
0100
0100

>A
1000

>BBCBA
0100
0100
0010
0100
1000

>CCDC
0010
0010
0001
0010

>CABDA
0010
1000
0100
0001
1000

>BCC
0100
0010
0010

>BCCA
0100
0010
0010
1000

>A
1000

>BCA
0100
0010
1000

>BAD
0100
1000
0001

>CDB
0010
0001
0100

>AAAB
1000
1000
1000
0100

>ADCBDBD
1000
0001
0010
0100
0001
0100
0001

>CCAADC
0010
0010
1000
1000
0001
0010

>ACA
1000
0010
1000

>ACBDDDB
1000
0010
0100
0001
0001
0001
0100

>ACDDCDDBACAAC
1000
0010
0001
0001
0010
0001
0001
0100
1000
0010
1000
1000
0010

>ACBC
1000
0010
0100
0010

>CCA
0010
0010
1000

