ABCD
>A
1000

>C
0010

>B
0100

>C
0010

>AA
1000
1000

>D
0001

>ACBCCC
1000
0010
0100
0010
0010
0010

>A
1000

>DBCDB
0001
0100
0010
0001
0100

>ABD
1000
0100
0001

>DD
0001
0001

>AA
1000
1000

>CCCACDBCAA
0010
0010
0010
1000
0010
0001
0100
0010
1000
1000

>BC
0100
0010

>ACA
1000
0010
1000

>AD
1000
0001

>DBBC
0001
0100
0100
0010

>D
0001

>DD
0001
0001

>CBDCBDD
0010
0100
0001
0010
0100
0001
0001

>B
0100

>BB
0100
0100

>ACACACDBBADBCADBA
1000
0010
1000
0010
1000
0010
0001
0100
0100
1000
0001
0100
0010
1000
0001
0100
1000

>BCDCDDBDBAACBCBC
0100
0010
0001
0010
0001
0001
0100
0001
0100
1000
1000
0010
0100
0010
0100
0010

>CAABBDD
0010
1000
1000
0100
0100
0001
0001

>BCA
0100
0010
1000

>B
0100

>ADD
1000
0001
0001

>DBDADDA
0001
0100
0001
1000
0001
0001
1000

>DDA
0001
0001
1000

>DBDCCADDB
0001
0100
0001
0010
0010
1000
0001
0001
0100

>CC
0010
0010

>CCDDB
0010
0010
0001
0001
0100

>ABABDB
1000
0100
1000
0100
0001
0100

>ABAD
1000
0100
1000
0001

>DAAD
0001
1000
1000
0001

>CBBACB
0010
0100
0100
1000
0010
0100

>DCBBC
0001
0010
0100
0100
0010

>C
0010

>BDD
0100
0001
0001

>BB
0100
0100

>C
0010

>AC
1000
0010

>AD
1000
0001

>AACBC
1000
1000
0010
0100
0010

>D
0001

>ABDD
1000
0100
0001
0001

>BA
0100
1000

>ADA
1000
0001
1000

>BADBDDA
0100
1000
0001
0100
0001
0001
1000

>B
0100

>C
0010

>CC
0010
0010

>CC
0010
0010

>C
0010

>ADBC
1000
0001
0100
0010

>C
0010

>CBCCC
0010
0100
0010
0010
0010

>CCD
0010
0010
0001

>BBCA
0100
0100
0010
1000

>B
0100

>B
0100

>B
0100

>A
1000

>DDCD
0001
0001
0010
0001

>C
0010

>AD
1000
0001

>DDBADACC
0001
0001
0100
1000
0001
1000
0010
0010

>DC
0001
0010

>BDBA
0100
0001
0100
1000

>CBCCADCCAB
0010
0100
0010
0010
1000
0001
0010
0010
1000
0100

>DBD
0001
0100
0001

>AAD
1000
1000
0001

>CBCD
0010
0100
0010
0001

>D
0001

>B
0100

>CABCAABBACBDAD
0010
1000
0100
0010
1000
1000
0100
0100
1000
0010
0100
0001
1000
0001

>B
0100

>D
0001

>DCADBCAB
0001
0010
1000
0001
0100
0010
1000
0100

>BCDA
0100
0010
0001
1000

>B
0100

>C
0010

>DBDCB
0001
0100
0001
0010
0100

>CABAACD
0010
1000
0100
1000
1000
0010
0001

>BABDACDCC
0100
1000
0100
0001
1000
0010
0001
0010
0010

>CBA
0010
0100
1000

>BDCCDA
0100
0001
0010
0010
0001
1000

>CDDAA
0010
0001
0001
1000
1000

>D
0001

>CA
0010
1000

>B
0100

>D
0001

>CB
0010
0100

>DDCBDD
0001
0001
0010
0100
0001
0001

>D
0001

>BCCADCBCD
0100
0010
0010
1000
0001
0010
0100
0010
0001

>BB
0100
0100

>BAD
0100
1000
0001

>BC
0100
0010

>DBA
0001
0100
1000

>D
0001

>DDBD
0001
0001
0100
0001

>ADCBBCDCB
1000
0001
0010
0100
0100
0010
0001
0010
0100

>DDBCD
0001
0001
0100
0010
0001

>AAC
1000
1000
0010

>D
0001

>D
0001

>DA
0001
1000

>CD
0010
0001

>A
1000

>BCBCAAAD
0100
0010
0100
0010
1000
1000
1000
0001

>C
0010

>CA
0010
1000

>ABDAAB
1000
0100
0001
1000
1000
0100

>BACADA
0100
1000
0010
1000
0001
1000

>CA
0010
1000

>CAAABAADBAC
0010
1000
1000
1000
0100
1000
1000
0001
0100
1000
0010

>BCCD
0100
0010
0010
0001

>DAAAA
0001
1000
1000
1000
1000

>DCBD
0001
0010
0100
0001

>B
0100

>BDBD
0100
0001
0100
0001

>BACCAAACDDCDB
0100
1000
0010
0010
1000
1000
1000
0010
0001
0001
0010
0001
0100

>BBBCBADACDCC
0100
0100
0100
0010
0100
1000
0001
1000
0010
0001
0010
0010

>BBDDACADBCDCDABDBDCBD
0100
0100
0001
0001
1000
0010
1000
0001
0100
0010
0001
0010
0001
1000
0100
0001
0100
0001
0010
0100
0001

>B
0100

>DDDCA
0001
0001
0001
0010
1000

>DDDCAA
0001
0001
0001
0010
1000
1000

>ADCCD
1000
0001
0010
0010
0001

>CBDDD
0010
0100
0001
0001
0001

>CCAAA
0010
0010
1000
1000
1000

>C
0010

>DC
0001
0010

>CCDAB
0010
0010
0001
1000
0100

>BCBB
0100
0010
0100
0100

>BBCACBACDAC
0100
0100
0010
1000
0010
0100
1000
0010
0001
1000
0010

>CDDD
0010
0001
0001
0001

>DBBC
0001
0100
0100
0010

>DCCDBADCBBABA
0001
0010
0010
0001
0100
1000
0001
0010
0100
0100
1000
0100
1000

>CCAC
0010
0010
1000
0010

>CD
0010
0001

>AC
1000
0010

>CC
0010
0010

>A
1000

>DDCCBDADDD
0001
0001
0010
0010
0100
0001
1000
0001
0001
0001

>ADBBCBCACADBA
1000
0001
0100
0100
0010
0100
0010
1000
0010
1000
0001
0100
1000

>A
1000

>A
1000

>BB
0100
0100

>ADCBABCDDBCBACBD
1000
0001
0010
0100
1000
0100
0010
0001
0001
0100
0010
0100
1000
0010
0100
0001

>DBA
0001
0100
1000

>CBDBA
0010
0100
0001
0100
1000

>A
1000

>DBB
0001
0100
0100

>CDA
0010
0001
1000

>D
0001

>BC
0100
0010

>ADD
1000
0001
0001

>AAACD
1000
1000
1000
0010
0001

