ABCD
>BCDCDCDADBABA
0100
0010
0001
0010
0001
0010
0001
1000
0001
0100
1000
0100
1000

>C
0010

>DCDD
0001
0010
0001
0001

>ACCDBDDCBBBC
1000
0010
0010
0001
0100
0001
0001
0010
0100
0100
0100
0010

>C
0010

>A
1000

>A
1000

>BCCCDBCA
0100
0010
0010
0010
0001
0100
0010
1000

>DBAB
0001
0100
1000
0100

>CDDC
0010
0001
0001
0010

>A
1000

>CCADB
0010
0010
1000
0001
0100

>BBCDBA
0100
0100
0010
0001
0100
1000

>C
0010

>C
0010

>D
0001

>BACCBB
0100
1000
0010
0010
0100
0100

>BDCAB
0100
0001
0010
1000
0100

>BBD
0100
0100
0001

>BA
0100
1000

