ABCD
>B
0100

>CCCD
0010
0010
0010
0001

>AA
1000
1000

>BDCDBBCDACB
0100
0001
0010
0001
0100
0100
0010
0001
1000
0010
0100

>D
0001

>DDD
0001
0001
0001

>DABA
0001
1000
0100
1000

>CADADD
0010
1000
0001
1000
0001
0001

>AC
1000
0010

>B
0100

>DBDCABBDCBCADBBBBBDB
0001
0100
0001
0010
1000
0100
0100
0001
0010
0100
0010
1000
0001
0100
0100
0100
0100
0100
0001
0100

>BB
0100
0100

>C
0010

>AC
1000
0010

>ABA
1000
0100
1000

>D
0001

>D
0001

>AABA
1000
1000
0100
1000

>BB
0100
0100

>ADDCBBCCBD
1000
0001
0001
0010
0100
0100
0010
0010
0100
0001

>AD
1000
0001

>DDBDBBB
0001
0001
0100
0001
0100
0100
0100

>ACAABC
1000
0010
1000
1000
0100
0010

>CBB
0010
0100
0100

>AB
1000
0100

>C
0010

>DADDADCB
0001
1000
0001
0001
1000
0001
0010
0100

>DA
0001
1000

>DBBB
0001
0100
0100
0100

>ABCC
1000
0100
0010
0010

>CCBD
0010
0010
0100
0001

>ABA
1000
0100
1000

>BACCBDCB
0100
1000
0010
0010
0100
0001
0010
0100

>DBDDADDDB
0001
0100
0001
0001
1000
0001
0001
0001
0100

>CA
0010
1000

>BAAC
0100
1000
1000
0010

>ADC
1000
0001
0010

>ADB
1000
0001
0100

>AC
1000
0010

>AA
1000
1000

