ABCD
>C
0010

>D
0001

>CCBCB
0010
0010
0100
0010
0100

>CDCCBCDB
0010
0001
0010
0010
0100
0010
0001
0100

>BCD
0100
0010
0001

>DCD
0001
0010
0001

>ABDBCAABDA
1000
0100
0001
0100
0010
1000
1000
0100
0001
1000

>ACD
1000
0010
0001

>BA
0100
1000

>BCC
0100
0010
0010

>ACD
1000
0010
0001

>CBDAA
0010
0100
0001
1000
1000

>CABACAC
0010
1000
0100
1000
0010
1000
0010

>CB
0010
0100

>A
1000

>BC
0100
0010

>DAAAAA
0001
1000
1000
1000
1000
1000

>BC
0100
0010

>BBAAAABCD
0100
0100
1000
1000
1000
1000
0100
0010
0001

>BCADBBC
0100
0010
1000
0001
0100
0100
0010

>BBDCCDC
0100
0100
0001
0010
0010
0001
0010

>AD
1000
0001

>BBB
0100
0100
0100

>CAADCACD
0010
1000
1000
0001
0010
1000
0010
0001

>B
0100

>C
0010

>AB
1000
0100

>DCD
0001
0010
0001

>D
0001

>AA
1000
1000

>CAABC
0010
1000
1000
0100
0010

>A
1000

>ABACAA
1000
0100
1000
0010
1000
1000

>BC
0100
0010

>D
0001

>A
1000

>DBD
0001
0100
0001

>B
0100

>DAAACC
0001
1000
1000
1000
0010
0010

>ADA
1000
0001
1000

>CABBDD
0010
1000
0100
0100
0001
0001

>CDADACCCCDD
0010
0001
1000
0001
1000
0010
0010
0010
0010
0001
0001

>BBCDC
0100
0100
0010
0001
0010

>BA
0100
1000

>DCCAB
0001
0010
0010
1000
0100

>ACBDA
1000
0010
0100
0001
1000

>CA
0010
1000

>A
1000

>A
1000

>DBCBAABCDBDB
0001
0100
0010
0100
1000
1000
0100
0010
0001
0100
0001
0100

>AB
1000
0100

>CCDB
0010
0010
0001
0100

>BCB
0100
0010
0100

>ADB
1000
0001
0100

>BBDDBD
0100
0100
0001
0001
0100
0001

>DDBCCDCBCC
0001
0001
0100
0010
0010
0001
0010
0100
0010
0010

>DDDDB
0001
0001
0001
0001
0100

>BDBA
0100
0001
0100
1000

>BDB
0100
0001
0100

>A
1000

>BCDACDBBCBBC
0100
0010
0001
1000
0010
0001
0100
0100
0010
0100
0100
0010

>BDCCA
0100
0001
0010
0010
1000

>CADCCD
0010
1000
0001
0010
0010
0001

>ACADDCDA
1000
0010
1000
0001
0001
0010
0001
1000

>DAB
0001
1000
0100

>ABCBCBDACAACABCAAAD
1000
0100
0010
0100
0010
0100
0001
1000
0010
1000
1000
0010
1000
0100
0010
1000
1000
1000
0001

>AA
1000
1000

>C
0010

>C
0010

>B
0100

>B
0100

>BC
0100
0010

>B
0100

>A
1000

>AAD
1000
1000
0001

>BAABB
0100
1000
1000
0100
0100

>BDCA
0100
0001
0010
1000

>CD
0010
0001

>BBDBDD
0100
0100
0001
0100
0001
0001

>DABD
0001
1000
0100
0001

