ABCD
>AC
1000
0010

>AAC
1000
1000
0010

>A
1000

>A
1000

>A
1000

>B
0100

>DABCD
0001
1000
0100
0010
0001

>AABCDDCBAACBADCBCCCCDDCB
1000
1000
0100
0010
0001
0001
0010
0100
1000
1000
0010
0100
1000
0001
0010
0100
0010
0010
0010
0010
0001
0001
0010
0100

>B
0100

>ABBACAA
1000
0100
0100
1000
0010
1000
1000

>D
0001

>BBC
0100
0100
0010

>BAD
0100
1000
0001

>BADCBDCD
0100
1000
0001
0010
0100
0001
0010
0001

>ABA
1000
0100
1000

>AAADDD
1000
1000
1000
0001
0001
0001

>BAB
0100
1000
0100

>C
0010

>CC
0010
0010

>D
0001

>CBCBB
0010
0100
0010
0100
0100

>D
0001

>BA
0100
1000

>DAACAC
0001
1000
1000
0010
1000
0010

>BBADA
0100
0100
1000
0001
1000

>CCC
0010
0010
0010

>BDDC
0100
0001
0001
0010

>BCCCB
0100
0010
0010
0010
0100

>BBD
0100
0100
0001

>AAB
1000
1000
0100

>B
0100

>BCCDC
0100
0010
0010
0001
0010

>DDACDABBACBCCADAC
0001
0001
1000
0010
0001
1000
0100
0100
1000
0010
0100
0010
0010
1000
0001
1000
0010

>B
0100

>ADBD
1000
0001
0100
0001

>DAC
0001
1000
0010

>AD
1000
0001

>D
0001

>CBA
0010
0100
1000

>B
0100

>AB
1000
0100

>BBDCC
0100
0100
0001
0010
0010

>DDDC
0001
0001
0001
0010

>DADDCBA
0001
1000
0001
0001
0010
0100
1000

>A
1000

>C
0010

>BA
0100
1000

>ADBBCBBABBCABCBAADDCABCDBDC
1000
0001
0100
0100
0010
0100
0100
1000
0100
0100
0010
1000
0100
0010
0100
1000
1000
0001
0001
0010
1000
0100
0010
0001
0100
0001
0010

>BBBCDCCBA
0100
0100
0100
0010
0001
0010
0010
0100
1000

>BBCDDB
0100
0100
0010
0001
0001
0100

>CC
0010
0010

>DADDDCB
0001
1000
0001
0001
0001
0010
0100

>DD
0001
0001

>CCCDA
0010
0010
0010
0001
1000

>CBDAADDCDB
0010
0100
0001
1000
1000
0001
0001
0010
0001
0100

>B
0100

>BDBBCBBDC
0100
0001
0100
0100
0010
0100
0100
0001
0010

>D
0001

>CACC
0010
1000
0010
0010

>CAAD
0010
1000
1000
0001

>DCBB
0001
0010
0100
0100

>AABCDBADBDDACCAC
1000
1000
0100
0010
0001
0100
1000
0001
0100
0001
0001
1000
0010
0010
1000
0010

>BABDADAAAD
0100
1000
0100
0001
1000
0001
1000
1000
1000
0001

>DDB
0001
0001
0100

>BBB
0100
0100
0100

>D
0001

>BC
0100
0010

>A
1000

>B
0100

>DCA
0001
0010
1000

>DA
0001
1000

>AD
1000
0001

>CDBC
0010
0001
0100
0010

>B
0100

>B
0100

>D
0001

>BDCC
0100
0001
0010
0010

>A
1000

>BAD
0100
1000
0001

>BCB
0100
0010
0100

>CA
0010
1000

>CDBCDDACBD
0010
0001
0100
0010
0001
0001
1000
0010
0100
0001

>A
1000

>DAA
0001
1000
1000

>DDB
0001
0001
0100

>B
0100

>C
0010

>D
0001

>BC
0100
0010

>A
1000

>DDCB
0001
0001
0010
0100

>D
0001

>BADBBCB
0100
1000
0001
0100
0100
0010
0100

>CA
0010
1000

>BCDBAAB
0100
0010
0001
0100
1000
1000
0100

>BAADD
0100
1000
1000
0001
0001

>CCA
0010
0010
1000

>BDDC
0100
0001
0001
0010

>DDB
0001
0001
0100

>CA
0010
1000

>BACAD
0100
1000
0010
1000
0001

>BD
0100
0001

>A
1000

>B
0100

>DB
0001
0100

>DBCABDDAB
0001
0100
0010
1000
0100
0001
0001
1000
0100

>CDBACBCDC
0010
0001
0100
1000
0010
0100
0010
0001
0010

>BD
0100
0001

>DBB
0001
0100
0100

>AC
1000
0010

>A
1000

>CA
0010
1000

>BACACDCBAA
0100
1000
0010
1000
0010
0001
0010
0100
1000
1000

>AABDA
1000
1000
0100
0001
1000

>DDAABBDCBC
0001
0001
1000
1000
0100
0100
0001
0010
0100
0010

>ADC
1000
0001
0010

>DAC
0001
1000
0010

>CDCA
0010
0001
0010
1000

>BD
0100
0001

>CDCC
0010
0001
0010
0010

>DDDD
0001
0001
0001
0001

>A
1000

>ACBADA
1000
0010
0100
1000
0001
1000

>DDABAD
0001
0001
1000
0100
1000
0001

>DCA
0001
0010
1000

>CDDCCA
0010
0001
0001
0010
0010
1000

>ACDBAC
1000
0010
0001
0100
1000
0010

>CDCB
0010
0001
0010
0100

>B
0100

>DDA
0001
0001
1000

>DCB
0001
0010
0100

>AD
1000
0001

>DBCBDDACBAACAB
0001
0100
0010
0100
0001
0001
1000
0010
0100
1000
1000
0010
1000
0100

>ADADBBDACA
1000
0001
1000
0001
0100
0100
0001
1000
0010
1000

>C
0010

>CB
0010
0100

>BB
0100
0100

>ABCD
1000
0100
0010
0001

>CDDDBCBB
0010
0001
0001
0001
0100
0010
0100
0100

>DCCA
0001
0010
0010
1000

>BC
0100
0010

>BBCBDBDB
0100
0100
0010
0100
0001
0100
0001
0100

>A
1000

>A
1000

>DBC
0001
0100
0010

>BBCA
0100
0100
0010
1000

>CABA
0010
1000
0100
1000

>C
0010

>CDAADCC
0010
0001
1000
1000
0001
0010
0010

>CBDCDB
0010
0100
0001
0010
0001
0100

>DC
0001
0010

>DDBDADADCBABB
0001
0001
0100
0001
1000
0001
1000
0001
0010
0100
1000
0100
0100

>ACABDADABA
1000
0010
1000
0100
0001
1000
0001
1000
0100
1000

>BB
0100
0100

>CA
0010
1000

>C
0010

>B
0100

>B
0100

>BBBCD
0100
0100
0100
0010
0001

>AABADA
1000
1000
0100
1000
0001
1000

