ABCD
>B
0100

>CDDBB
0010
0001
0001
0100
0100

>ADDBA
1000
0001
0001
0100
1000

>CCD
0010
0010
0001

>B
0100

>BBB
0100
0100
0100

>BB
0100
0100

>DCAADCAB
0001
0010
1000
1000
0001
0010
1000
0100

>AB
1000
0100

>BDA
0100
0001
1000

>CDADA
0010
0001
1000
0001
1000

>CBD
0010
0100
0001

>ACBAAB
1000
0010
0100
1000
1000
0100

>C
0010

>DD
0001
0001

>BAB
0100
1000
0100

>CCBC
0010
0010
0100
0010

>D
0001

>BDBCCACA
0100
0001
0100
0010
0010
1000
0010
1000

>BAACACCABCACBA
0100
1000
1000
0010
1000
0010
0010
1000
0100
0010
1000
0010
0100
1000

>DBDD
0001
0100
0001
0001

>CDCCD
0010
0001
0010
0010
0001

>CABC
0010
1000
0100
0010

>BABCAAC
0100
1000
0100
0010
1000
1000
0010

>CDDD
0010
0001
0001
0001

>B
0100

>BBAA
0100
0100
1000
1000

>AABA
1000
1000
0100
1000

>BDBDAD
0100
0001
0100
0001
1000
0001

>DC
0001
0010

>DCCDDBBDCDC
0001
0010
0010
0001
0001
0100
0100
0001
0010
0001
0010

>DBDACDAC
0001
0100
0001
1000
0010
0001
1000
0010

>A
1000

>CDC
0010
0001
0010

>DDADA
0001
0001
1000
0001
1000

>BC
0100
0010

>C
0010

>D
0001

>B
0100

>ACDD
1000
0010
0001
0001

>DDACCCAB
0001
0001
1000
0010
0010
0010
1000
0100

>DCD
0001
0010
0001

>AAADA
1000
1000
1000
0001
1000

>DBACBC
0001
0100
1000
0010
0100
0010

>AA
1000
1000

>DADB
0001
1000
0001
0100

>C
0010

>BAC
0100
1000
0010

>A
1000

>CD
0010
0001

>BCDCD
0100
0010
0001
0010
0001

>CC
0010
0010

>CBCCD
0010
0100
0010
0010
0001

>A
1000

>BCDD
0100
0010
0001
0001

>DBDCCADABCDB
0001
0100
0001
0010
0010
1000
0001
1000
0100
0010
0001
0100

>A
1000

>ABBADACACDDB
1000
0100
0100
1000
0001
1000
0010
1000
0010
0001
0001
0100

>AAB
1000
1000
0100

>DDAADBBDA
0001
0001
1000
1000
0001
0100
0100
0001
1000

>DBDCCA
0001
0100
0001
0010
0010
1000

>ABB
1000
0100
0100

>ACCACDDBD
1000
0010
0010
1000
0010
0001
0001
0100
0001

>ADA
1000
0001
1000

>C
0010

>BBBCD
0100
0100
0100
0010
0001

>BDD
0100
0001
0001

>CDADAB
0010
0001
1000
0001
1000
0100

>A
1000

>ADAA
1000
0001
1000
1000

>DACC
0001
1000
0010
0010

>AABCDBDB
1000
1000
0100
0010
0001
0100
0001
0100

>CAC
0010
1000
0010

>ABBB
1000
0100
0100
0100

>D
0001

>A
1000

>B
0100

>CADDBD
0010
1000
0001
0001
0100
0001

>B
0100

>CAB
0010
1000
0100

