ABCD
>C
0010

>BBCDDBA
0100
0100
0010
0001
0001
0100
1000

>D
0001

>BCA
0100
0010
1000

>C
0010

>CBCDAC
0010
0100
0010
0001
1000
0010

>DA
0001
1000

>AD
1000
0001

>BD
0100
0001

>ADB
1000
0001
0100

>A
1000

>ADBCBAAB
1000
0001
0100
0010
0100
1000
1000
0100

>DBBDD
0001
0100
0100
0001
0001

>DC
0001
0010

>BBCDAAA
0100
0100
0010
0001
1000
1000
1000

>C
0010

>DBBCD
0001
0100
0100
0010
0001

>CC
0010
0010

>D
0001

>CB
0010
0100

>CDC
0010
0001
0010

>BAADCDCCD
0100
1000
1000
0001
0010
0001
0010
0010
0001

>DA
0001
1000

>BCA
0100
0010
1000

>D
0001

>CCAAABDA
0010
0010
1000
1000
1000
0100
0001
1000

>DD
0001
0001

>CBCA
0010
0100
0010
1000

>DBB
0001
0100
0100

>DDAA
0001
0001
1000
1000

>BBDCBB
0100
0100
0001
0010
0100
0100

>CCDDACA
0010
0010
0001
0001
1000
0010
1000

>B
0100

>BAADBADC
0100
1000
1000
0001
0100
1000
0001
0010

>D
0001

>B
0100

>AC
1000
0010

>A
1000

>DDAA
0001
0001
1000
1000

>CDBCB
0010
0001
0100
0010
0100

>CAADD
0010
1000
1000
0001
0001

>CD
0010
0001

>CADAA
0010
1000
0001
1000
1000

>AB
1000
0100

>D
0001

>DCADDB
0001
0010
1000
0001
0001
0100

>AA
1000
1000

>ABDA
1000
0100
0001
1000

>AC
1000
0010

>ADAADABBDCBCAB
1000
0001
1000
1000
0001
1000
0100
0100
0001
0010
0100
0010
1000
0100

>DBB
0001
0100
0100

>BDA
0100
0001
1000

>DAC
0001
1000
0010

>CD
0010
0001

>BCCCDB
0100
0010
0010
0010
0001
0100

>CB
0010
0100

>DA
0001
1000

>BCDDABCAABDD
0100
0010
0001
0001
1000
0100
0010
1000
1000
0100
0001
0001

>BA
0100
1000

>BCCCAAADBDADBB
0100
0010
0010
0010
1000
1000
1000
0001
0100
0001
1000
0001
0100
0100

>CBAABAB
0010
0100
1000
1000
0100
1000
0100

>A
1000

>B
0100

>CBAADACBADACCACDD
0010
0100
1000
1000
0001
1000
0010
0100
1000
0001
1000
0010
0010
1000
0010
0001
0001

>DBD
0001
0100
0001

>CCB
0010
0010
0100

>BABCD
0100
1000
0100
0010
0001

>BDAA
0100
0001
1000
1000

>BBCAA
0100
0100
0010
1000
1000

>D
0001

>A
1000

>BAADC
0100
1000
1000
0001
0010

>ADABCDDCBD
1000
0001
1000
0100
0010
0001
0001
0010
0100
0001

>ACAAAD
1000
0010
1000
1000
1000
0001

>C
0010

>AC
1000
0010

>CBBA
0010
0100
0100
1000

>ADCABBCA
1000
0001
0010
1000
0100
0100
0010
1000

>D
0001

>A
1000

>BB
0100
0100

>DCCB
0001
0010
0010
0100

>CDD
0010
0001
0001

>BACDABDBCBC
0100
1000
0010
0001
1000
0100
0001
0100
0010
0100
0010

>ACAAA
1000
0010
1000
1000
1000

>DBACBB
0001
0100
1000
0010
0100
0100

>ADB
1000
0001
0100

>DD
0001
0001

>BBAA
0100
0100
1000
1000

>CCD
0010
0010
0001

>ABDD
1000
0100
0001
0001

>CA
0010
1000

>CCD
0010
0010
0001

>DCCDB
0001
0010
0010
0001
0100

>ACDDCCB
1000
0010
0001
0001
0010
0010
0100

>BCB
0100
0010
0100

>BDAD
0100
0001
1000
0001

>ADAADBDBAAADDA
1000
0001
1000
1000
0001
0100
0001
0100
1000
1000
1000
0001
0001
1000

>BCCA
0100
0010
0010
1000

>AB
1000
0100

>DC
0001
0010

>CDBCA
0010
0001
0100
0010
1000

>BBDB
0100
0100
0001
0100

>B
0100

>CC
0010
0010

>BDAAA
0100
0001
1000
1000
1000

>BC
0100
0010

>ADB
1000
0001
0100

>CCCBDAC
0010
0010
0010
0100
0001
1000
0010

>ABA
1000
0100
1000

>BCC
0100
0010
0010

>CCC
0010
0010
0010

>CB
0010
0100

>D
0001

>AB
1000
0100

>BCCDDDD
0100
0010
0010
0001
0001
0001
0001

>BA
0100
1000

>ACCBDCA
1000
0010
0010
0100
0001
0010
1000

>B
0100

>BB
0100
0100

>CCB
0010
0010
0100

>BCA
0100
0010
1000

>CCBDBCB
0010
0010
0100
0001
0100
0010
0100

>ABDAAD
1000
0100
0001
1000
1000
0001

>ADAAD
1000
0001
1000
1000
0001

>ACBDCD
1000
0010
0100
0001
0010
0001

>D
0001

>CBCBBCD
0010
0100
0010
0100
0100
0010
0001

>BBCB
0100
0100
0010
0100

>DABA
0001
1000
0100
1000

>BA
0100
1000

>CADBDACDBDA
0010
1000
0001
0100
0001
1000
0010
0001
0100
0001
1000

>CA
0010
1000

>BCDC
0100
0010
0001
0010

>DACCCAB
0001
1000
0010
0010
0010
1000
0100

>BBCBBDDCCDCABB
0100
0100
0010
0100
0100
0001
0001
0010
0010
0001
0010
1000
0100
0100

>CDACDBD
0010
0001
1000
0010
0001
0100
0001

>DDA
0001
0001
1000

>DA
0001
1000

>CAA
0010
1000
1000

>DB
0001
0100

>BC
0100
0010

>CCCB
0010
0010
0010
0100

>BCCBAADDADDDD
0100
0010
0010
0100
1000
1000
0001
0001
1000
0001
0001
0001
0001

>CDACDC
0010
0001
1000
0010
0001
0010

>ABBBC
1000
0100
0100
0100
0010

>AD
1000
0001

>CCB
0010
0010
0100

>DDA
0001
0001
1000

>D
0001

>BCA
0100
0010
1000

>BDDCBA
0100
0001
0001
0010
0100
1000

>ABA
1000
0100
1000

>CA
0010
1000

>AC
1000
0010

>D
0001

>CDDB
0010
0001
0001
0100

>C
0010

>D
0001

>DBCCD
0001
0100
0010
0010
0001

