ABCD
>B
0100

>AA
1000
1000

>A
1000

>D
0001

>BCACCDDCCDAD
0100
0010
1000
0010
0010
0001
0001
0010
0010
0001
1000
0001

>BCBBCC
0100
0010
0100
0100
0010
0010

>BABBACCC
0100
1000
0100
0100
1000
0010
0010
0010

>B
0100

>CBC
0010
0100
0010

>BDBA
0100
0001
0100
1000

>BBD
0100
0100
0001

>A
1000

>A
1000

>BABB
0100
1000
0100
0100

>CBDA
0010
0100
0001
1000

>BCAACA
0100
0010
1000
1000
0010
1000

>ABA
1000
0100
1000

>CDABCCCCBBDAADA
0010
0001
1000
0100
0010
0010
0010
0010
0100
0100
0001
1000
1000
0001
1000

>A
1000

>BBD
0100
0100
0001

