ABCD
>C
0010

>B
0100

>DABCBCADC
0001
1000
0100
0010
0100
0010
1000
0001
0010

>CBDCA
0010
0100
0001
0010
1000

>AC
1000
0010

>DACACD
0001
1000
0010
1000
0010
0001

>B
0100

>C
0010

>DBACBADDBAC
0001
0100
1000
0010
0100
1000
0001
0001
0100
1000
0010

>DBDDDBDC
0001
0100
0001
0001
0001
0100
0001
0010

>BBBBBDAAB
0100
0100
0100
0100
0100
0001
1000
1000
0100

>DD
0001
0001

>CDBCDB
0010
0001
0100
0010
0001
0100

>BAD
0100
1000
0001

>BBB
0100
0100
0100

>A
1000

>ACDCAD
1000
0010
0001
0010
1000
0001

>AAD
1000
1000
0001

>CDDC
0010
0001
0001
0010

>B
0100

>CB
0010
0100

>BAAD
0100
1000
1000
0001

>BCBCDCBA
0100
0010
0100
0010
0001
0010
0100
1000

>BCBD
0100
0010
0100
0001

>D
0001

>BBBA
0100
0100
0100
1000

>C
0010

>DADAB
0001
1000
0001
1000
0100

>BA
0100
1000

>BB
0100
0100

>ADACC
1000
0001
1000
0010
0010

>BBB
0100
0100
0100

>BD
0100
0001

>BABAADBAC
0100
1000
0100
1000
1000
0001
0100
1000
0010

>ADA
1000
0001
1000

>C
0010

>DB
0001
0100

>ADBAACA
1000
0001
0100
1000
1000
0010
1000

>DCBCADADBD
0001
0010
0100
0010
1000
0001
1000
0001
0100
0001

>AA
1000
1000

