ABCD
>C
0010

>CCDAADB
0010
0010
0001
1000
1000
0001
0100

>BDB
0100
0001
0100

>ABA
1000
0100
1000

>CBACBADAA
0010
0100
1000
0010
0100
1000
0001
1000
1000

>D
0001

>DDDBCCBACAC
0001
0001
0001
0100
0010
0010
0100
1000
0010
1000
0010

>DB
0001
0100

>CADC
0010
1000
0001
0010

>DDD
0001
0001
0001

>AC
1000
0010

>ADCAB
1000
0001
0010
1000
0100

>B
0100

>DDD
0001
0001
0001

>DDA
0001
0001
1000

>DDADABDDDD
0001
0001
1000
0001
1000
0100
0001
0001
0001
0001

>B
0100

>AC
1000
0010

>AAA
1000
1000
1000

>CABACD
0010
1000
0100
1000
0010
0001

>AAD
1000
1000
0001

>C
0010

>AB
1000
0100

>ABAACDDBCB
1000
0100
1000
1000
0010
0001
0001
0100
0010
0100

>A
1000

>BBC
0100
0100
0010

>ABBBB
1000
0100
0100
0100
0100

>BCBBDAB
0100
0010
0100
0100
0001
1000
0100

>C
0010

>DADBCDD
0001
1000
0001
0100
0010
0001
0001

>D
0001

>DDB
0001
0001
0100

>B
0100

>BBCCAB
0100
0100
0010
0010
1000
0100

>BDB
0100
0001
0100

>CCBBDAAACBBDDDA
0010
0010
0100
0100
0001
1000
1000
1000
0010
0100
0100
0001
0001
0001
1000

>BCD
0100
0010
0001

>C
0010

>B
0100

>DBCB
0001
0100
0010
0100

>BBD
0100
0100
0001

>CDCDAA
0010
0001
0010
0001
1000
1000

>A
1000

>DCBBADB
0001
0010
0100
0100
1000
0001
0100

>CCAAA
0010
0010
1000
1000
1000

>DAA
0001
1000
1000

>A
1000

>ABC
1000
0100
0010

>D
0001

>BCBDD
0100
0010
0100
0001
0001

>B
0100

>AAD
1000
1000
0001

>DB
0001
0100

>BBDDA
0100
0100
0001
0001
1000

>C
0010

>CDD
0010
0001
0001

>A
1000

>ACA
1000
0010
1000

>ADAACADCBACDBCDDAC
1000
0001
1000
1000
0010
1000
0001
0010
0100
1000
0010
0001
0100
0010
0001
0001
1000
0010

>ADADDD
1000
0001
1000
0001
0001
0001

>B
0100

>BB
0100
0100

>AC
1000
0010

>ADAB
1000
0001
1000
0100

>BBCBC
0100
0100
0010
0100
0010

>AAC
1000
1000
0010

>AAB
1000
1000
0100

>BBBCABDABAAADB
0100
0100
0100
0010
1000
0100
0001
1000
0100
1000
1000
1000
0001
0100

>CA
0010
1000

>B
0100

>ABDCAABCDBC
1000
0100
0001
0010
1000
1000
0100
0010
0001
0100
0010

>B
0100

>DDCC
0001
0001
0010
0010

>BD
0100
0001

>CDBCD
0010
0001
0100
0010
0001

>AA
1000
1000

>CB
0010
0100

>BBB
0100
0100
0100

>BBCBD
0100
0100
0010
0100
0001

>ABAACAACAADC
1000
0100
1000
1000
0010
1000
1000
0010
1000
1000
0001
0010

