ABCD
>[ACD]C[AB]DBBDDDDA
1011
0010
1100
0001
0100
0100
0001
0001
0001
0001
1000

>[AC]
1010

>A
1000

>BAD[ABD]DAC
0100
1000
0001
1101
0001
1000
0010

>DA
0001
1000

>A
1000

>A
1000

>C
0010

>CABBDADBDB
0010
1000
0100
0100
0001
1000
0001
0100
0001
0100

>A[ABD]DD
1000
1101
0001
0001

>B
0100

>A
1000

>CCC
0010
0010
0010

>BCD
0100
0010
0001

>C
0010

>ABD
1000
0100
0001

>CBBBA
0010
0100
0100
0100
1000

>[AD]CADAABBDDBABB[CD]
1001
0010
1000
0001
1000
1000
0100
0100
0001
0001
0100
1000
0100
0100
0011

>DBACDCBC
0001
0100
1000
0010
0001
0010
0100
0010

>CC
0010
0010

>CC
0010
0010

>ACDABABAACAADB
1000
0010
0001
1000
0100
1000
0100
1000
1000
0010
1000
1000
0001
0100

>D
0001

>A[ABC]DDAC
1000
1110
0001
0001
1000
0010

>B
0100

>BD
0100
0001

>D
0001

>B[AD]C
0100
1001
0010

>D
0001

>A
1000

>AC
1000
0010

>DDABBCCBADDCDDBCCDB
0001
0001
1000
0100
0100
0010
0010
0100
1000
0001
0001
0010
0001
0001
0100
0010
0010
0001
0100

>B
0100

>B
0100

>BCCDBAABBB
0100
0010
0010
0001
0100
1000
1000
0100
0100
0100

>CAC
0010
1000
0010

>DC
0001
0010

>[ABD]CDD
1101
0010
0001
0001

>D[AD]C
0001
1001
0010

>ACABB
1000
0010
1000
0100
0100

>ACBD[BD]BB
1000
0010
0100
0001
0101
0100
0100

>ABDDCBAAAD[ABD]D
1000
0100
0001
0001
0010
0100
1000
1000
1000
0001
1101
0001

>D
0001

>BD
0100
0001

>CD
0010
0001

>CD
0010
0001

>D
0001

>AD
1000
0001

>ABDCDA
1000
0100
0001
0010
0001
1000

>ABCBBCA
1000
0100
0010
0100
0100
0010
1000

>DCB
0001
0010
0100

>DDBD
0001
0001
0100
0001

>CD
0010
0001

>CBBCB
0010
0100
0100
0010
0100

>BCD
0100
0010
0001

>CDDDCADDCD
0010
0001
0001
0001
0010
1000
0001
0001
0010
0001

>B[AC]DDD
0100
1010
0001
0001
0001

>[ACD]D
1011
0001

>BDA
0100
0001
1000

>B[BD]D
0100
0101
0001

>DA[ACD]AD
0001
1000
1011
1000
0001

>CBBBCB
0010
0100
0100
0100
0010
0100

>C
0010

>DDAA
0001
0001
1000
1000

>ADB
1000
0001
0100

>DAB
0001
1000
0100

>ADDC
1000
0001
0001
0010

>B
0100

>ACADCADBCC
1000
0010
1000
0001
0010
1000
0001
0100
0010
0010

>BCB
0100
0010
0100

>BA
0100
1000

>C
0010

>D
0001

>ABDCCCDBBDC
1000
0100
0001
0010
0010
0010
0001
0100
0100
0001
0010

>D
0001

>CACCCDAB
0010
1000
0010
0010
0010
0001
1000
0100

>DCC
0001
0010
0010

>DD
0001
0001

>A
1000

>BD
0100
0001

>ACCBABCBAD[CD]BDDC[ACD]BAACCD
1000
0010
0010
0100
1000
0100
0010
0100
1000
0001
0011
0100
0001
0001
0010
1011
0100
1000
1000
0010
0010
0001

>CCABABD
0010
0010
1000
0100
1000
0100
0001

>CCD
0010
0010
0001

>C
0010

>CC
0010
0010

>A
1000

>CABA
0010
1000
0100
1000

>BDA
0100
0001
1000

>CBDAACA
0010
0100
0001
1000
1000
0010
1000

>D
0001

>AC
1000
0010

>ADC
1000
0001
0010

>C
0010

>CBAA
0010
0100
1000
1000

>ABAACAABCCACCDB
1000
0100
1000
1000
0010
1000
1000
0100
0010
0010
1000
0010
0010
0001
0100

>D
0001

>BA
0100
1000

>[ABD]
1101

>ACBC
1000
0010
0100
0010

>AD
1000
0001

>CCA[BD]CA
0010
0010
1000
0101
0010
1000

>B
0100

>B
0100

>BD
0100
0001

>CD[BC]DDA
0010
0001
0110
0001
0001
1000

>D
0001

>[AD]CDC
1001
0010
0001
0010

>DCBBCA[BC]BDCDBDDD
0001
0010
0100
0100
0010
1000
0110
0100
0001
0010
0001
0100
0001
0001
0001

>CAA
0010
1000
1000

>CAC
0010
1000
0010

>CCBCC
0010
0010
0100
0010
0010

>AAA
1000
1000
1000

>BBBBC[ABD]
0100
0100
0100
0100
0010
1101

>ADA[BD]B
1000
0001
1000
0101
0100

>BDBBB
0100
0001
0100
0100
0100

>B
0100

>ACA
1000
0010
1000

>DCD
0001
0010
0001

>BAACAAB
0100
1000
1000
0010
1000
1000
0100

>C
0010

>AA
1000
1000

>CDBCBD[BCD]D[ABD]DABAADBB[BD][ACD]A
0010
0001
0100
0010
0100
0001
0111
0001
1101
0001
1000
0100
1000
1000
0001
0100
0100
0101
1011
1000

>AAB
1000
1000
0100

>C[BC]
0010
0110

>BC
0100
0010

>CADCA
0010
1000
0001
0010
1000

>DC
0001
0010

>AB
1000
0100

>C
0010

>ADDA
1000
0001
0001
1000

>BA
0100
1000

>BB
0100
0100

>BCB[AB]
0100
0010
0100
1100

>ABCD
1000
0100
0010
0001

>B
0100

>DDD
0001
0001
0001

>B
0100

>ABAC
1000
0100
1000
0010

>DDDBCC
0001
0001
0001
0100
0010
0010

>BCBDCDBC
0100
0010
0100
0001
0010
0001
0100
0010

>BCCDBB
0100
0010
0010
0001
0100
0100

>ADADDADC
1000
0001
1000
0001
0001
1000
0001
0010

>DDDD
0001
0001
0001
0001

>DBBC
0001
0100
0100
0010

>CD
0010
0001

>ACC
1000
0010
0010

>DAAC
0001
1000
1000
0010

>D
0001

>BD
0100
0001

>BBDB
0100
0100
0001
0100

>BABBAC
0100
1000
0100
0100
1000
0010

>AA
1000
1000

>A
1000

>CB
0010
0100

>[BC]
0110

>[ACD]BBB
1011
0100
0100
0100

>CDCA
0010
0001
0010
1000

>A[ABC]CDAC
1000
1110
0010
0001
1000
0010

>ACB
1000
0010
0100

>BDDAABCACDB
0100
0001
0001
1000
1000
0100
0010
1000
0010
0001
0100

