ABCD
>DBBD
0001
0100
0100
0001

>DCAC
0001
0010
1000
0010

>BCA
0100
0010
1000

>CBDDA
0010
0100
0001
0001
1000

>CA
0010
1000

>C
0010

>C[ABD]B
0010
1101
0100

>[ABC]CAAB
1110
0010
1000
1000
0100

>D[BC]BA
0001
0110
0100
1000

>BAC
0100
1000
0010

>B
0100

>CDA
0010
0001
1000

>DAAC
0001
1000
1000
0010

>C
0010

>ADAAAAD
1000
0001
1000
1000
1000
1000
0001

>B
0100

>CBDABBBAAADBBB
0010
0100
0001
1000
0100
0100
0100
1000
1000
1000
0001
0100
0100
0100

>BCB
0100
0010
0100

>DDA
0001
0001
1000

>DDB[AD]CCDDB
0001
0001
0100
1001
0010
0010
0001
0001
0100

