ABCD
>AD
1000
0001

>BBDDBDCCCADABDBBDC
0100
0100
0001
0001
0100
0001
0010
0010
0010
1000
0001
1000
0100
0001
0100
0100
0001
0010

>A
1000

>BBC
0100
0100
0010

>D
0001

>DDCDBCC
0001
0001
0010
0001
0100
0010
0010

>ABDBDDCA[BC]
1000
0100
0001
0100
0001
0001
0010
1000
0110

>D[AD]A[AB]A[ABC]
0001
1001
1000
1100
1000
1110

>DAB
0001
1000
0100

>DCC
0001
0010
0010

>AD
1000
0001

>AB[ABD]C
1000
0100
1101
0010

>CAD
0010
1000
0001

>AC
1000
0010

>AA
1000
1000

>A
1000

>ADA[ABD]
1000
0001
1000
1101

>BD
0100
0001

>DBBB
0001
0100
0100
0100

>BCC
0100
0010
0010

>[ACD]C
1011
0010

>DBDCDDD
0001
0100
0001
0010
0001
0001
0001

>DBC
0001
0100
0010

>AC
1000
0010

>BAA
0100
1000
1000

>ACACABA
1000
0010
1000
0010
1000
0100
1000

>CCCC
0010
0010
0010
0010

>BA
0100
1000

>C
0010

>BAD
0100
1000
0001

>ADBDD[ACD]ADDAD
1000
0001
0100
0001
0001
1011
1000
0001
0001
1000
0001

>DCB
0001
0010
0100

>[AB]BAB
1100
0100
1000
0100

>CCCABB
0010
0010
0010
1000
0100
0100

>CA
0010
1000

>BAA
0100
1000
1000

>DCDBB
0001
0010
0001
0100
0100

>AD
1000
0001

>CCC
0010
0010
0010

>BDACBDC
0100
0001
1000
0010
0100
0001
0010

