ABCD
>CBABCDCD
0010
0100
1000
0100
0010
0001
0010
0001

>C
0010

>ACDADDB[BD]ADDBABCAA
1000
0010
0001
1000
0001
0001
0100
0101
1000
0001
0001
0100
1000
0100
0010
1000
1000

>B
0100

>BCAABBABADBDACBCCAAC
0100
0010
1000
1000
0100
0100
1000
0100
1000
0001
0100
0001
1000
0010
0100
0010
0010
1000
1000
0010

>CD
0010
0001

>BDCBBBDBBD
0100
0001
0010
0100
0100
0100
0001
0100
0100
0001

>BABBAC
0100
1000
0100
0100
1000
0010

>BBADBD
0100
0100
1000
0001
0100
0001

>DCC
0001
0010
0010

>[BC]
0110

>DAADBB
0001
1000
1000
0001
0100
0100

>DBB
0001
0100
0100

>DDBCDBDB
0001
0001
0100
0010
0001
0100
0001
0100

>DCAB
0001
0010
1000
0100

>B
0100

>DACDAD
0001
1000
0010
0001
1000
0001

>A
1000

>A[ABC]ACCC
1000
1110
1000
0010
0010
0010

>DB
0001
0100

>ACABDACBA
1000
0010
1000
0100
0001
1000
0010
0100
1000

>B
0100

>AB
1000
0100

>CD
0010
0001

>A
1000

>BD
0100
0001

>AD
1000
0001

>DBCDCDCABCBAA
0001
0100
0010
0001
0010
0001
0010
1000
0100
0010
0100
1000
1000

>DBD
0001
0100
0001

>BCC
0100
0010
0010

>C
0010

>D
0001

>C
0010

>CCBA
0010
0010
0100
1000

>DB
0001
0100

>BCBCD
0100
0010
0100
0010
0001

>DBCC
0001
0100
0010
0010

>AD
1000
0001

>CC
0010
0010

>CCBABBCDBDDD
0010
0010
0100
1000
0100
0100
0010
0001
0100
0001
0001
0001

>DBD
0001
0100
0001

>B
0100

>AAD
1000
1000
0001

>C
0010

>BB
0100
0100

>C[ABD]CBBADD
0010
1101
0010
0100
0100
1000
0001
0001

>AC
1000
0010

>AD
1000
0001

>D
0001

>CBD
0010
0100
0001

>CC
0010
0010

>C
0010

>A[ABD]DB
1000
1101
0001
0100

>BC
0100
0010

>[BC]D
0110
0001

>CC
0010
0010

>AACD
1000
1000
0010
0001

>A
1000

>DDBCA[BC]BADCC
0001
0001
0100
0010
1000
0110
0100
1000
0001
0010
0010

>BDADA
0100
0001
1000
0001
1000

>D
0001

>[AC]B
1010
0100

>D
0001

>CD
0010
0001

>C
0010

>AA
1000
1000

>ACB
1000
0010
0100

>CBADCCADB[ABC]CB
0010
0100
1000
0001
0010
0010
1000
0001
0100
1110
0010
0100

>CD
0010
0001

>CCADBAAAAA[ABD]AABD
0010
0010
1000
0001
0100
1000
1000
1000
1000
1000
1101
1000
1000
0100
0001

>B
0100

>C[BD]ABAA
0010
0101
1000
0100
1000
1000

>[AC]ABDCDAC
1010
1000
0100
0001
0010
0001
1000
0010

>BB
0100
0100

>DAD
0001
1000
0001

>BC
0100
0010

>C
0010

>CBDDC
0010
0100
0001
0001
0010

>CD
0010
0001

>ADACB
1000
0001
1000
0010
0100

