ABCD
>A[ABD]A
1000
1101
1000

>BDBCADC
0100
0001
0100
0010
1000
0001
0010

>BBA
0100
0100
1000

>AB
1000
0100

>BBDBDDCDC
0100
0100
0001
0100
0001
0001
0010
0001
0010

>AB
1000
0100

>AACD
1000
1000
0010
0001

>ADBD
1000
0001
0100
0001

>DCDC
0001
0010
0001
0010

>BACAD
0100
1000
0010
1000
0001

>B
0100

>ABBB
1000
0100
0100
0100

>C
0010

>D
0001

>B
0100

>AA
1000
1000

>AB
1000
0100

>CCDAD
0010
0010
0001
1000
0001

>BBBDBCDDCBCB
0100
0100
0100
0001
0100
0010
0001
0001
0010
0100
0010
0100

>CCBA
0010
0010
0100
1000

>DAC
0001
1000
0010

>CC
0010
0010

>DB
0001
0100

>BD
0100
0001

>AA
1000
1000

>DA
0001
1000

>CC
0010
0010

>DDD
0001
0001
0001

>D
0001

>DAABB
0001
1000
1000
0100
0100

>DD
0001
0001

>ADABBDA
1000
0001
1000
0100
0100
0001
1000

>D
0001

>BA
0100
1000

>BDAB
0100
0001
1000
0100

>DACAAB
0001
1000
0010
1000
1000
0100

>BBCB
0100
0100
0010
0100

>DA
0001
1000

>CABDACABDBA
0010
1000
0100
0001
1000
0010
1000
0100
0001
0100
1000

>CAADDA
0010
1000
1000
0001
0001
1000

>[ABD]CDCDBADD
1101
0010
0001
0010
0001
0100
1000
0001
0001

>CABDAAAD
0010
1000
0100
0001
1000
1000
1000
0001

>AA
1000
1000

>B
0100

>BA
0100
1000

>DCCBCB
0001
0010
0010
0100
0010
0100

>CAB
0010
1000
0100

>BBCD
0100
0100
0010
0001

>B
0100

>AD
1000
0001

>ADADDDD
1000
0001
1000
0001
0001
0001
0001

>D
0001

>CCA
0010
0010
1000

>C
0010

>BC
0100
0010

>CD
0010
0001

>DBAABDDA
0001
0100
1000
1000
0100
0001
0001
1000

>C
0010

>AB
1000
0100

>DBAD
0001
0100
1000
0001

>CCDB
0010
0010
0001
0100

>ADCCCDDCAD
1000
0001
0010
0010
0010
0001
0001
0010
1000
0001

>C
0010

>ACCABACB
1000
0010
0010
1000
0100
1000
0010
0100

>BBDBD
0100
0100
0001
0100
0001

>CA
0010
1000

>C
0010

>ADDB
1000
0001
0001
0100

>B
0100

>ABBAD
1000
0100
0100
1000
0001

>B
0100

>BDBCD
0100
0001
0100
0010
0001

>AADCABBCACABCBADBDACAB
1000
1000
0001
0010
1000
0100
0100
0010
1000
0010
1000
0100
0010
0100
1000
0001
0100
0001
1000
0010
1000
0100

>A
1000

>D
0001

>DA
0001
1000

>A
1000

>AC
1000
0010

>CCAD
0010
0010
1000
0001

>AB
1000
0100

>BA
0100
1000

>DA
0001
1000

>DAC
0001
1000
0010

>D
0001

>A
1000

>A
1000

>BB
0100
0100

>CBDAAD
0010
0100
0001
1000
1000
0001

>AC
1000
0010

>ABCBABD
1000
0100
0010
0100
1000
0100
0001

>DDA
0001
0001
1000

>A
1000

>AA
1000
1000

>BBDACD
0100
0100
0001
1000
0010
0001

>CDB
0010
0001
0100

>CB
0010
0100

>CC
0010
0010

>C
0010

>CBD
0010
0100
0001

>AB
1000
0100

>CBDCBDDDBDBADDC
0010
0100
0001
0010
0100
0001
0001
0001
0100
0001
0100
1000
0001
0001
0010

>DABCBBA
0001
1000
0100
0010
0100
0100
1000

>DADBCAAAADC
0001
1000
0001
0100
0010
1000
1000
1000
1000
0001
0010

>DDBD
0001
0001
0100
0001

>C
0010

>C
0010

>DDDBAC
0001
0001
0001
0100
1000
0010

>ABBAB
1000
0100
0100
1000
0100

>DABBBDC
0001
1000
0100
0100
0100
0001
0010

>ACCAAAC
1000
0010
0010
1000
1000
1000
0010

>CBDDCCB
0010
0100
0001
0001
0010
0010
0100

>DADBAA
0001
1000
0001
0100
1000
1000

>BCD
0100
0010
0001

>BBDBC[BC]
0100
0100
0001
0100
0010
0110

>BB
0100
0100

>A
1000

>AB
1000
0100

>DDB
0001
0001
0100

>A
1000

>C
0010

>DACCBCABBDBB
0001
1000
0010
0010
0100
0010
1000
0100
0100
0001
0100
0100

>BA
0100
1000

>CCDA
0010
0010
0001
1000

>AABDBDA
1000
1000
0100
0001
0100
0001
1000

>A
1000

>C
0010

>CBDD
0010
0100
0001
0001

>D
0001

>ACAA
1000
0010
1000
1000

>CCCCCA
0010
0010
0010
0010
0010
1000

>CD
0010
0001

>D
0001

>D
0001

>ACDBADAAAAB
1000
0010
0001
0100
1000
0001
1000
1000
1000
1000
0100

>A
1000

>BBD
0100
0100
0001

>BDCBDDCCCCB
0100
0001
0010
0100
0001
0001
0010
0010
0010
0010
0100

>BBCCA
0100
0100
0010
0010
1000

>D
0001

>D
0001

>D
0001

>B
0100

>DDCACCDCBD
0001
0001
0010
1000
0010
0010
0001
0010
0100
0001

>ACA
1000
0010
1000

>BBBAADDD[BC]
0100
0100
0100
1000
1000
0001
0001
0001
0110

>DACDCA
0001
1000
0010
0001
0010
1000

>BCBAAAD
0100
0010
0100
1000
1000
1000
0001

>AB
1000
0100

>CA
0010
1000

>DCA
0001
0010
1000

>AA[ABC]CCABAACBACC
1000
1000
1110
0010
0010
1000
0100
1000
1000
0010
0100
1000
0010
0010

>DCBBCA
0001
0010
0100
0100
0010
1000

>ABDCCDCBACDA
1000
0100
0001
0010
0010
0001
0010
0100
1000
0010
0001
1000

>BD
0100
0001

>DBAACADB
0001
0100
1000
1000
0010
1000
0001
0100

>BCDDDADA
0100
0010
0001
0001
0001
1000
0001
1000

>CDB
0010
0001
0100

>ADABA
1000
0001
1000
0100
1000

>DDDBDB
0001
0001
0001
0100
0001
0100

>BCCADCDCC
0100
0010
0010
1000
0001
0010
0001
0010
0010

