ABCD
>DBCDADD[BC]A
0001
0100
0010
0001
1000
0001
0001
0110
1000

>BDACAA
0100
0001
1000
0010
1000
1000

>B
0100

>D
0001

>CDCDAADC
0010
0001
0010
0001
1000
1000
0001
0010

>AB
1000
0100

>ADBBDD
1000
0001
0100
0100
0001
0001

>BACC
0100
1000
0010
0010

>C
0010

>AAAD
1000
1000
1000
0001

>BC
0100
0010

>BCADBACAAACABBCD
0100
0010
1000
0001
0100
1000
0010
1000
1000
1000
0010
1000
0100
0100
0010
0001

>A
1000

>CAA
0010
1000
1000

>CCAB
0010
0010
1000
0100

>A
1000

>BD
0100
0001

>DC
0001
0010

>B
0100

>DDB
0001
0001
0100

>CB
0010
0100

>A
1000

>BAD
0100
1000
0001

>A
1000

>DBBBCDCA
0001
0100
0100
0100
0010
0001
0010
1000

>BCAA
0100
0010
1000
1000

>B
0100

>DA
0001
1000

>ACAACBA
1000
0010
1000
1000
0010
0100
1000

>ACDADCAB[BD]
1000
0010
0001
1000
0001
0010
1000
0100
0101

>A
1000

>DBAC
0001
0100
1000
0010

>C[ACD]DDBDD
0010
1011
0001
0001
0100
0001
0001

>D
0001

>CACDCACAAABC
0010
1000
0010
0001
0010
1000
0010
1000
1000
1000
0100
0010

>CACBB
0010
1000
0010
0100
0100

>AAD
1000
1000
0001

>DBACDCC
0001
0100
1000
0010
0001
0010
0010

>ADA
1000
0001
1000

>AA
1000
1000

