ABCD
>BCBB
0100
0010
0100
0100

>A
1000

>BDBBBD
0100
0001
0100
0100
0100
0001

>BDDDD[CD]D
0100
0001
0001
0001
0001
0011
0001

>B
0100

>[ABC]ADBD
1110
1000
0001
0100
0001

>B[ABD]C
0100
1101
0010

>A
1000

>DBDDC
0001
0100
0001
0001
0010

>AC
1000
0010

>CABB
0010
1000
0100
0100

>DBB
0001
0100
0100

>B
0100

>A[ABD]
1000
1101

>CC
0010
0010

>[BC][BD]C
0110
0101
0010

>DBBBB
0001
0100
0100
0100
0100

>ACCABBADDC
1000
0010
0010
1000
0100
0100
1000
0001
0001
0010

>C[ABC]ABCDDDDA
0010
1110
1000
0100
0010
0001
0001
0001
0001
1000

>CAAA[ABC]CDBDDBDA
0010
1000
1000
1000
1110
0010
0001
0100
0001
0001
0100
0001
1000

>C
0010

>[ACD]BC
1011
0100
0010

>CA
0010
1000

>AB
1000
0100

>AABDDDC[AC]CAAADDDC
1000
1000
0100
0001
0001
0001
0010
1010
0010
1000
1000
1000
0001
0001
0001
0010

>CCAAB
0010
0010
1000
1000
0100

>CBAAC[AC]
0010
0100
1000
1000
0010
1010

>CDCBCDD
0010
0001
0010
0100
0010
0001
0001

>B
0100

>ADDD
1000
0001
0001
0001

>DBBCBDC
0001
0100
0100
0010
0100
0001
0010

>AA[AD]CC
1000
1000
1001
0010
0010

>ADA
1000
0001
1000

>CAA
0010
1000
1000

>DAA
0001
1000
1000

>DC
0001
0010

>[CD]
0011

>CC
0010
0010

>[ACD]CBD
1011
0010
0100
0001

>DD
0001
0001

>[AB]
1100

>DA[BD]ACDBA
0001
1000
0101
1000
0010
0001
0100
1000

>CDDB
0010
0001
0001
0100

>DDBDABBACBDDBBCB
0001
0001
0100
0001
1000
0100
0100
1000
0010
0100
0001
0001
0100
0100
0010
0100

>C[AD]
0010
1001

>CAD[AD]
0010
1000
0001
1001

>A[AD]
1000
1001

>D
0001

>BABB
0100
1000
0100
0100

>CA
0010
1000

>B
0100

>D
0001

>AA
1000
1000

>D
0001

>DBCD
0001
0100
0010
0001

>BAD[BCD]DCAD
0100
1000
0001
0111
0001
0010
1000
0001

>AB
1000
0100

>BB[AD]BDB[BC]A
0100
0100
1001
0100
0001
0100
0110
1000

>BD
0100
0001

>[BC]
0110

>DC
0001
0010

>[BCD][AD][ACD]BCACCAC
0111
1001
1011
0100
0010
1000
0010
0010
1000
0010

>[ABD]
1101

>[AC]DACDD
1010
0001
1000
0010
0001
0001

>[ACD]DA
1011
0001
1000

>[AD]ABA
1001
1000
0100
1000

>B
0100

>D[AC]DA[BCD]CBA
0001
1010
0001
1000
0111
0010
0100
1000

>BCBBCA
0100
0010
0100
0100
0010
1000

>DD
0001
0001

>DC
0001
0010

>[AC]ADAACB
1010
1000
0001
1000
1000
0010
0100

>DAD
0001
1000
0001

>A
1000

>ADBBAADACB[ABD]
1000
0001
0100
0100
1000
1000
0001
1000
0010
0100
1101

>ADD
1000
0001
0001

>CBD
0010
0100
0001

>[BD]
0101

>CDA
0010
0001
1000

>CD
0010
0001

