ABCD
>C
0010

>AABC
1000
1000
0100
0010

>ADBDC
1000
0001
0100
0001
0010

>BADD
0100
1000
0001
0001

>[ABC]C
1110
0010

>ABDB
1000
0100
0001
0100

>BACABB
0100
1000
0010
1000
0100
0100

>CD
0010
0001

>BDBCD
0100
0001
0100
0010
0001

>DBBDDBAACDC
0001
0100
0100
0001
0001
0100
1000
1000
0010
0001
0010

>D
0001

>CB
0010
0100

>BAB
0100
1000
0100

>CBCD
0010
0100
0010
0001

>CDCBBBABCAD
0010
0001
0010
0100
0100
0100
1000
0100
0010
1000
0001

>DCCD
0001
0010
0010
0001

>D
0001

>DBC
0001
0100
0010

>ACCBC
1000
0010
0010
0100
0010

>DD
0001
0001

