ABCD
>C[ABD]
0010
1101

>[BD]
0101

>ABD
1000
0100
0001

>BAB
0100
1000
0100

>CBBC
0010
0100
0100
0010

>DCD[AD]
0001
0010
0001
1001

>DBAAA
0001
0100
1000
1000
1000

>BA
0100
1000

>BAACC[BCD]ABDCBCBA
0100
1000
1000
0010
0010
0111
1000
0100
0001
0010
0100
0010
0100
1000

>B
0100

>CDBC[CD]BBDDB
0010
0001
0100
0010
0011
0100
0100
0001
0001
0100

>A
1000

>ACA
1000
0010
1000

>B
0100

>A
1000

>ACAB
1000
0010
1000
0100

>C
0010

>AACCBC
1000
1000
0010
0010
0100
0010

>CACC
0010
1000
0010
0010

>AB
1000
0100

>AD
1000
0001

>[ABD]CDBDBAD[CD]BADA[ABD]D
1101
0010
0001
0100
0001
0100
1000
0001
0011
0100
1000
0001
1000
1101
0001

>[BD]AAADBBCD
0101
1000
1000
1000
0001
0100
0100
0010
0001

>DC
0001
0010

>D
0001

>DBDCC
0001
0100
0001
0010
0010

>[BC]BADBCB
0110
0100
1000
0001
0100
0010
0100

>CBACBCAC
0010
0100
1000
0010
0100
0010
1000
0010

>CBCB
0010
0100
0010
0100

>BCBA
0100
0010
0100
1000

>ACA
1000
0010
1000

>ABB[AC]DBD
1000
0100
0100
1010
0001
0100
0001

>AC
1000
0010

>BAAB[ACD]BA
0100
1000
1000
0100
1011
0100
1000

>ADC[AB]CDBD
1000
0001
0010
1100
0010
0001
0100
0001

>DCCCAAD
0001
0010
0010
0010
1000
1000
0001

>BAC
0100
1000
0010

>DDAC
0001
0001
1000
0010

>CB[ACD]
0010
0100
1011

>BAAA
0100
1000
1000
1000

>A
1000

>B
0100

>A
1000

>B
0100

>B[AC]ADBAAB
0100
1010
1000
0001
0100
1000
1000
0100

>CAB[ACD]ADDAD
0010
1000
0100
1011
1000
0001
0001
1000
0001

>AD
1000
0001

>A
1000

>B
0100

>BDCDCA
0100
0001
0010
0001
0010
1000

>BCAC
0100
0010
1000
0010

>CCDCAD[AC]
0010
0010
0001
0010
1000
0001
1010

>ADCABCB
1000
0001
0010
1000
0100
0010
0100

>ABA[ACD][AC]CB[BC][ABD]C
1000
0100
1000
1011
1010
0010
0100
0110
1101
0010

>CBA
0010
0100
1000

>AAACBDA
1000
1000
1000
0010
0100
0001
1000

>AB[ABC]A[AD]BBD
1000
0100
1110
1000
1001
0100
0100
0001

>[AD]
1001

>DDBAA
0001
0001
0100
1000
1000

>D
0001

>CB
0010
0100

>AAB
1000
1000
0100

>CBDDDCC
0010
0100
0001
0001
0001
0010
0010

>DDCBACD
0001
0001
0010
0100
1000
0010
0001

>ABAB
1000
0100
1000
0100

>DDAB[AB]D
0001
0001
1000
0100
1100
0001

>DDAAABDABABCC
0001
0001
1000
1000
1000
0100
0001
1000
0100
1000
0100
0010
0010

>DBCACAD
0001
0100
0010
1000
0010
1000
0001

>DADA[ABD]BBDDAA
0001
1000
0001
1000
1101
0100
0100
0001
0001
1000
1000

>ABD
1000
0100
0001

>AB
1000
0100

>BA
0100
1000

>BC
0100
0010

>AAAB
1000
1000
1000
0100

>DC
0001
0010

>DACDDB
0001
1000
0010
0001
0001
0100

>C
0010

>CC[ABC]
0010
0010
1110

>[ACD]
1011

>B
0100

>C
0010

>[BC]
0110

>DCCA
0001
0010
0010
1000

>CAABBC
0010
1000
1000
0100
0100
0010

>BC
0100
0010

>BD
0100
0001

>D
0001

>AC
1000
0010

>DC
0001
0010

>BD[ABD]DCCBCAAAB[ACD]DA
0100
0001
1101
0001
0010
0010
0100
0010
1000
1000
1000
0100
1011
0001
1000

>DD
0001
0001

>BBABCDCDB
0100
0100
1000
0100
0010
0001
0010
0001
0100

>CC
0010
0010

>D
0001

>B
0100

>A[BCD]BBBBCBDABC
1000
0111
0100
0100
0100
0100
0010
0100
0001
1000
0100
0010

>C
0010

>[BD]A
0101
1000

>BAC
0100
1000
0010

>CD
0010
0001

>CD
0010
0001

>ACD
1000
0010
0001

>CCCA
0010
0010
0010
1000

>C
0010

>ABBCCAC[BD]AD[ACD]
1000
0100
0100
0010
0010
1000
0010
0101
1000
0001
1011

>AB
1000
0100

>C
0010

>BBDAC
0100
0100
0001
1000
0010

>C[ABC]ACDABC
0010
1110
1000
0010
0001
1000
0100
0010

>[AC]ADBCCD[BD]ACB
1010
1000
0001
0100
0010
0010
0001
0101
1000
0010
0100

>CBADBCCB
0010
0100
1000
0001
0100
0010
0010
0100

>AACA
1000
1000
0010
1000

>BACC[BCD]
0100
1000
0010
0010
0111

>BD
0100
0001

>BB
0100
0100

>CBAC
0010
0100
1000
0010

>AC
1000
0010

>C
0010

>DDBDBB[ABD]BB
0001
0001
0100
0001
0100
0100
1101
0100
0100

>CBBC[ABD]
0010
0100
0100
0010
1101

>[ABC]C
1110
0010

>BCCC
0100
0010
0010
0010

>AB
1000
0100

>DBD
0001
0100
0001

>C
0010

>DC
0001
0010

>CBA
0010
0100
1000

>D
0001

>C[AB]CBBA
0010
1100
0010
0100
0100
1000

>CD[ACD]
0010
0001
1011

>BC[CD]
0100
0010
0011

>B[AB]CDA
0100
1100
0010
0001
1000

>A
1000

>DDDBC
0001
0001
0001
0100
0010

>B
0100

>CC
0010
0010

>DA
0001
1000

>DAACACCD
0001
1000
1000
0010
1000
0010
0010
0001

>BD
0100
0001

>[AB]A
1100
1000

>CBDDD
0010
0100
0001
0001
0001

>B
0100

>AC[AD]AAC
1000
0010
1001
1000
1000
0010

>ACCBCADDDDDACB[ACD]A
1000
0010
0010
0100
0010
1000
0001
0001
0001
0001
0001
1000
0010
0100
1011
1000

>A
1000

>BCA
0100
0010
1000

>A[ABD]
1000
1101

>AABBCDBBD
1000
1000
0100
0100
0010
0001
0100
0100
0001

>BC
0100
0010

>AAB
1000
1000
0100

>BC
0100
0010

>BD
0100
0001

>DDDDD
0001
0001
0001
0001
0001

>B[AB]
0100
1100

>BBDC
0100
0100
0001
0010

>BCB
0100
0010
0100

>BC
0100
0010

>DC
0001
0010

>D
0001

>BB
0100
0100

