ABCD
>BCACBBCBCCDADB
0100
0010
1000
0010
0100
0100
0010
0100
0010
0010
0001
1000
0001
0100

>C
0010

>AC
1000
0010

>CBCDCACBDB[ABC]DCD
0010
0100
0010
0001
0010
1000
0010
0100
0001
0100
1110
0001
0010
0001

>ADBBC
1000
0001
0100
0100
0010

>DCC
0001
0010
0010

>AACDDACC
1000
1000
0010
0001
0001
1000
0010
0010

>CBB
0010
0100
0100

>B
0100

>CCCD
0010
0010
0010
0001

>CBB
0010
0100
0100

>AAA
1000
1000
1000

>B
0100

>C
0010

>BCDCADBCB
0100
0010
0001
0010
1000
0001
0100
0010
0100

>DBDDC
0001
0100
0001
0001
0010

>AC
1000
0010

>DA
0001
1000

>ABBDCABACBDDDB
1000
0100
0100
0001
0010
1000
0100
1000
0010
0100
0001
0001
0001
0100

>ABABD
1000
0100
1000
0100
0001

>A
1000

>BBB
0100
0100
0100

>CDAB
0010
0001
1000
0100

>ADA
1000
0001
1000

>C
0010

>BD
0100
0001

>C
0010

>A
1000

>DDAAACCD
0001
0001
1000
1000
1000
0010
0010
0001

>D
0001

>CD
0010
0001

>CBCB
0010
0100
0010
0100

>A
1000

>AAD
1000
1000
0001

>DCDADDBDCBA
0001
0010
0001
1000
0001
0001
0100
0001
0010
0100
1000

>AC
1000
0010

>DD
0001
0001

>BDB
0100
0001
0100

>CABA
0010
1000
0100
1000

>ADC
1000
0001
0010

