ABCD
>DAC
0001
1000
0010

>BAACDBBBDA
0100
1000
1000
0010
0001
0100
0100
0100
0001
1000

>[ABD]AACDCBAACCBCDA
1101
1000
1000
0010
0001
0010
0100
1000
1000
0010
0010
0100
0010
0001
1000

>ADACDA
1000
0001
1000
0010
0001
1000

>B
0100

>CABABCBABBBBBDACCD
0010
1000
0100
1000
0100
0010
0100
1000
0100
0100
0100
0100
0100
0001
1000
0010
0010
0001

>DBAAAA
0001
0100
1000
1000
1000
1000

>BACC
0100
1000
0010
0010

>CC
0010
0010

>ADC
1000
0001
0010

>A
1000

>CDDDDD
0010
0001
0001
0001
0001
0001

>D
0001

>BC
0100
0010

>A
1000

>ACB
1000
0010
0100

>ABC
1000
0100
0010

>AC
1000
0010

>ACDDBB[BC]A
1000
0010
0001
0001
0100
0100
0110
1000

>CCBDBCDD
0010
0010
0100
0001
0100
0010
0001
0001

>C
0010

>BACA
0100
1000
0010
1000

>DBAA[ABC]AA[ABD]
0001
0100
1000
1000
1110
1000
1000
1101

>A
1000

>DC[ACD]AABBD
0001
0010
1011
1000
1000
0100
0100
0001

>BDD
0100
0001
0001

>C[ABC]C
0010
1110
0010

>CBABA
0010
0100
1000
0100
1000

>ADADA
1000
0001
1000
0001
1000

>C
0010

>CACD
0010
1000
0010
0001

>CDDD
0010
0001
0001
0001

>CDDDDB
0010
0001
0001
0001
0001
0100

>ACC
1000
0010
0010

>DC[BCD]
0001
0010
0111

>ACBDBC
1000
0010
0100
0001
0100
0010

>CAB
0010
1000
0100

>B
0100

>D
0001

>AAC
1000
1000
0010

>BA
0100
1000

>BDBBDCBBBD
0100
0001
0100
0100
0001
0010
0100
0100
0100
0001

>C
0010

>B
0100

>C
0010

>ABCBABBBC
1000
0100
0010
0100
1000
0100
0100
0100
0010

>D[ABC]BAB
0001
1110
0100
1000
0100

>ADCDCD
1000
0001
0010
0001
0010
0001

>BCC
0100
0010
0010

>BB
0100
0100

>CDDD
0010
0001
0001
0001

>BA
0100
1000

>BAB
0100
1000
0100

>CC
0010
0010

>CB
0010
0100

>BDB
0100
0001
0100

>B
0100

>[ACD]
1011

>D
0001

>B
0100

>BD[CD][ACD]B
0100
0001
0011
1011
0100

>D
0001

>AAD
1000
1000
0001

>CA
0010
1000

>A
1000

>ACD
1000
0010
0001

>AD
1000
0001

>CCADB[ACD]
0010
0010
1000
0001
0100
1011

>BBBDDB
0100
0100
0100
0001
0001
0100

>A
1000

>D
0001

>DCCC
0001
0010
0010
0010

>[CD]
0011

>DC[ABD]DC
0001
0010
1101
0001
0010

>BDCDDAA
0100
0001
0010
0001
0001
1000
1000

>A
1000

>A[BC]D
1000
0110
0001

>BA
0100
1000

>C
0010

>ACAB
1000
0010
1000
0100

>C
0010

>D
0001

>DADC
0001
1000
0001
0010

>DABACBCBBCAA
0001
1000
0100
1000
0010
0100
0010
0100
0100
0010
1000
1000

>B[AB]CA
0100
1100
0010
1000

>D
0001

>C
0010

>BACCCCBCCAC
0100
1000
0010
0010
0010
0010
0100
0010
0010
1000
0010

>CBA
0010
0100
1000

>B[BCD]CA
0100
0111
0010
1000

>DB
0001
0100

>A
1000

>ABDB
1000
0100
0001
0100

>D
0001

>CBCD
0010
0100
0010
0001

>BABAADAABAC
0100
1000
0100
1000
1000
0001
1000
1000
0100
1000
0010

>ABC[BCD]BDDDBDAD
1000
0100
0010
0111
0100
0001
0001
0001
0100
0001
1000
0001

>B
0100

>DBA
0001
0100
1000

>DDCCADAB
0001
0001
0010
0010
1000
0001
1000
0100

>BBDCDAAA
0100
0100
0001
0010
0001
1000
1000
1000

>AADB
1000
1000
0001
0100

>AD
1000
0001

>ADC
1000
0001
0010

>BBAACC
0100
0100
1000
1000
0010
0010

>B
0100

>AC
1000
0010

>[ABC]CABAABB
1110
0010
1000
0100
1000
1000
0100
0100

>A
1000

>ACCAAA[BC]BCDBDCD
1000
0010
0010
1000
1000
1000
0110
0100
0010
0001
0100
0001
0010
0001

>AC
1000
0010

>BCB
0100
0010
0100

>A
1000

>CC[AB]
0010
0010
1100

>CABCC
0010
1000
0100
0010
0010

>ABBCAAB[AC]
1000
0100
0100
0010
1000
1000
0100
1010

>BC
0100
0010

>CADC
0010
1000
0001
0010

>[ABD]BADB
1101
0100
1000
0001
0100

>[BD]A
0101
1000

>[BD]CCBD
0101
0010
0010
0100
0001

>CADAAAAC
0010
1000
0001
1000
1000
1000
1000
0010

>DDCDAA
0001
0001
0010
0001
1000
1000

>A[ABD]C
1000
1101
0010

>AC
1000
0010

>CBA
0010
0100
1000

>DDDACCAC[ACD]ABBDBA[AD]CC
0001
0001
0001
1000
0010
0010
1000
0010
1011
1000
0100
0100
0001
0100
1000
1001
0010
0010

>BA
0100
1000

>DCD
0001
0010
0001

>CB
0010
0100

>ABBCC
1000
0100
0100
0010
0010

>CADADDBACDD
0010
1000
0001
1000
0001
0001
0100
1000
0010
0001
0001

>D
0001

>ADC
1000
0001
0010

>ABCD
1000
0100
0010
0001

>DACA
0001
1000
0010
1000

>ABDA
1000
0100
0001
1000

>AADCBABBACAADCB
1000
1000
0001
0010
0100
1000
0100
0100
1000
0010
1000
1000
0001
0010
0100

>A
1000

>AB
1000
0100

>A
1000

>A
1000

>BBD
0100
0100
0001

>D
0001

>D
0001

>AD
1000
0001

>AADBDB
1000
1000
0001
0100
0001
0100

>DBCDDB[ABD]D
0001
0100
0010
0001
0001
0100
1101
0001

>BDAACDD
0100
0001
1000
1000
0010
0001
0001

>CACBBDB
0010
1000
0010
0100
0100
0001
0100

>[CD]CC
0011
0010
0010

>BD
0100
0001

>B
0100

>D[ABD]C
0001
1101
0010

>A
1000

>D
0001

>ABBCAA
1000
0100
0100
0010
1000
1000

>DBAB[AB]BDAAB
0001
0100
1000
0100
1100
0100
0001
1000
1000
0100

>DB
0001
0100

>AACC
1000
1000
0010
0010

