ABCD
>DDDCBABBDC
0001
0001
0001
0010
0100
1000
0100
0100
0001
0010

>DBC
0001
0100
0010

>BDC
0100
0001
0010

>B
0100

>ADBDDB
1000
0001
0100
0001
0001
0100

>DAA
0001
1000
1000

>C
0010

>CAB
0010
1000
0100

>AC
1000
0010

>C
0010

>A
1000

>BDBBB
0100
0001
0100
0100
0100

>BACBAC
0100
1000
0010
0100
1000
0010

>BDADC
0100
0001
1000
0001
0010

>CBC
0010
0100
0010

>DCACBBCC
0001
0010
1000
0010
0100
0100
0010
0010

>A
1000

>BBCCACAD
0100
0100
0010
0010
1000
0010
1000
0001

>DAC
0001
1000
0010

>DCDC
0001
0010
0001
0010

>ADADCAA
1000
0001
1000
0001
0010
1000
1000

>A
1000

>ADB
1000
0001
0100

>[ABC]C
1110
0010

>DCD
0001
0010
0001

>BAD
0100
1000
0001

>DBBA
0001
0100
0100
1000

>DBCC
0001
0100
0010
0010

>ABCCBADDCBBAAACADADB
1000
0100
0010
0010
0100
1000
0001
0001
0010
0100
0100
1000
1000
1000
0010
1000
0001
1000
0001
0100

>DD
0001
0001

>CDDBC
0010
0001
0001
0100
0010

>CD
0010
0001

>D
0001

>BA
0100
1000

>BB[ABC]BDBC
0100
0100
1110
0100
0001
0100
0010

>BCBA
0100
0010
0100
1000

>BCBDD
0100
0010
0100
0001
0001

>CDAD
0010
0001
1000
0001

>B
0100

>BCC
0100
0010
0010

