ABCD
>CAC
0010
1000
0010

>DCAA
0001
0010
1000
1000

>BB
0100
0100

>DD
0001
0001

>D
0001

>DBDB
0001
0100
0001
0100

>DACBBCA
0001
1000
0010
0100
0100
0010
1000

>DBD
0001
0100
0001

>CCDADD
0010
0010
0001
1000
0001
0001

>ACA
1000
0010
1000

>DC
0001
0010

>A
1000

>DC
0001
0010

>ADB
1000
0001
0100

>C[AD]B
0010
1001
0100

>CD
0010
0001

>A[ABD]CCDC
1000
1101
0010
0010
0001
0010

>[ABC]DD
1110
0001
0001

>[ABC]
1110

>CCDCACADCCBDC
0010
0010
0001
0010
1000
0010
1000
0001
0010
0010
0100
0001
0010

>B
0100

>DACBCABD[ACD]D
0001
1000
0010
0100
0010
1000
0100
0001
1011
0001

>BACCA
0100
1000
0010
0010
1000

>ADA
1000
0001
1000

>DD
0001
0001

>ABACCCC
1000
0100
1000
0010
0010
0010
0010

>AACBCD
1000
1000
0010
0100
0010
0001

>[AD]BBCD
1001
0100
0100
0010
0001

>CDBCACDCD
0010
0001
0100
0010
1000
0010
0001
0010
0001

>C
0010

>AA
1000
1000

>A[ABC]A
1000
1110
1000

>B
0100

>BABB[ABC]DD
0100
1000
0100
0100
1110
0001
0001

>ACADBDAC
1000
0010
1000
0001
0100
0001
1000
0010

>ADD
1000
0001
0001

>AAAC
1000
1000
1000
0010

>ABBDDA
1000
0100
0100
0001
0001
1000

>BBAA
0100
0100
1000
1000

>BC
0100
0010

