ABCD
>DAC
0001
1000
0010

>[CD]BCC
0011
0100
0010
0010

>DD[AD]
0001
0001
1001

>B
0100

>C
0010

>ABBA
1000
0100
0100
1000

>AAACB
1000
1000
1000
0010
0100

>AA
1000
1000

>BA
0100
1000

>ADA
1000
0001
1000

>ACACAAA
1000
0010
1000
0010
1000
1000
1000

>A[CD]A
1000
0011
1000

>CBD
0010
0100
0001

>CA
0010
1000

>BA
0100
1000

>ACCDCAC
1000
0010
0010
0001
0010
1000
0010

>ACCA
1000
0010
0010
1000

>DABDBDC
0001
1000
0100
0001
0100
0001
0010

>ADC
1000
0001
0010

>DC
0001
0010

>D
0001

>DAABDB
0001
1000
1000
0100
0001
0100

>BCDA
0100
0010
0001
1000

>BBBB
0100
0100
0100
0100

>CC
0010
0010

>DCACC
0001
0010
1000
0010
0010

>B
0100

>DD
0001
0001

>ADA
1000
0001
1000

>BC
0100
0010

>BB
0100
0100

>BDABDC
0100
0001
1000
0100
0001
0010

>AA
1000
1000

>DDD[BD]BACB
0001
0001
0001
0101
0100
1000
0010
0100

>BAA
0100
1000
1000

>DCDBA[AD]BAC
0001
0010
0001
0100
1000
1001
0100
1000
0010

>ADB
1000
0001
0100

>A
1000

>[CD]
0011

>DC[BC]
0001
0010
0110

>AAA
1000
1000
1000

>BDBAD
0100
0001
0100
1000
0001

>D
0001

>BC
0100
0010

>BBCBDC
0100
0100
0010
0100
0001
0010

>C
0010

>ACBCDA
1000
0010
0100
0010
0001
1000

>DABCBBDDCCA
0001
1000
0100
0010
0100
0100
0001
0001
0010
0010
1000

>A
1000

>BDC
0100
0001
0010

>[AB]
1100

>BAC
0100
1000
0010

>C
0010

>[AB]CAADC
1100
0010
1000
1000
0001
0010

>DBA
0001
0100
1000

>DBBACCCBBA[ABC]CDCABB
0001
0100
0100
1000
0010
0010
0010
0100
0100
1000
1110
0010
0001
0010
1000
0100
0100

>AADDCB
1000
1000
0001
0001
0010
0100

>BCBCBAA[ABD]DDC
0100
0010
0100
0010
0100
1000
1000
1101
0001
0001
0010

>ACACDAD[BD]
1000
0010
1000
0010
0001
1000
0001
0101

>BBDCDACA
0100
0100
0001
0010
0001
1000
0010
1000

>A
1000

>AAB
1000
1000
0100

>AAACC
1000
1000
1000
0010
0010

>BCCB[AB]DDA
0100
0010
0010
0100
1100
0001
0001
1000

>ADDBA[CD]A
1000
0001
0001
0100
1000
0011
1000

>BDAC
0100
0001
1000
0010

>C
0010

>BCBAB
0100
0010
0100
1000
0100

>A
1000

>DBD
0001
0100
0001

>BCABDC
0100
0010
1000
0100
0001
0010

>BCCAA
0100
0010
0010
1000
1000

>CDCCC
0010
0001
0010
0010
0010

>B
0100

>B
0100

>[ACD]C[ABC]BDD[BD]
1011
0010
1110
0100
0001
0001
0101

>AC
1000
0010

>CBD
0010
0100
0001

>D[AC][ACD]CB
0001
1010
1011
0010
0100

>A
1000

>ABC
1000
0100
0010

>D
0001

>CB
0010
0100

>C
0010

>C
0010

>BADDD
0100
1000
0001
0001
0001

>[ABC]
1110

>BBC
0100
0100
0010

>DCBBCB
0001
0010
0100
0100
0010
0100

>ABBACABAC
1000
0100
0100
1000
0010
1000
0100
1000
0010

>[CD]
0011

>ABCAB
1000
0100
0010
1000
0100

>ABABAAAD
1000
0100
1000
0100
1000
1000
1000
0001

>D
0001

>CA[ACD]CC
0010
1000
1011
0010
0010

>BCABADB
0100
0010
1000
0100
1000
0001
0100

>ACCC
1000
0010
0010
0010

>BA
0100
1000

>C[AB]CDCC[BC]B
0010
1100
0010
0001
0010
0010
0110
0100

>CC
0010
0010

>[ACD]
1011

>CABAAB
0010
1000
0100
1000
1000
0100

>ACBCCC
1000
0010
0100
0010
0010
0010

>AD
1000
0001

>ABCDCC
1000
0100
0010
0001
0010
0010

>C
0010

>D
0001

>CDBC[ACD]ABB
0010
0001
0100
0010
1011
1000
0100
0100

>DCDDB
0001
0010
0001
0001
0100

>A
1000

>AB
1000
0100

>A[ABC]ADAD[BCD]
1000
1110
1000
0001
1000
0001
0111

>DD
0001
0001

>A
1000

>CC[CD][BD]
0010
0010
0011
0101

>B
0100

>CC
0010
0010

>D
0001

>A[ABC]BD
1000
1110
0100
0001

>CB[ABD]CBC
0010
0100
1101
0010
0100
0010

>AAAACACC
1000
1000
1000
1000
0010
1000
0010
0010

>C
0010

>DDCDDACBC[BC]C
0001
0001
0010
0001
0001
1000
0010
0100
0010
0110
0010

>BC
0100
0010

>DABCD
0001
1000
0100
0010
0001

>C
0010

>DADDCB
0001
1000
0001
0001
0010
0100

>C
0010

>ADADDBBCA
1000
0001
1000
0001
0001
0100
0100
0010
1000

>DAB
0001
1000
0100

>CDBB
0010
0001
0100
0100

>CA
0010
1000

>CBC[CD]ADDC
0010
0100
0010
0011
1000
0001
0001
0010

>BBCAACAC[CD][ABD]ADC
0100
0100
0010
1000
1000
0010
1000
0010
0011
1101
1000
0001
0010

>ACABBADBDC
1000
0010
1000
0100
0100
1000
0001
0100
0001
0010

>DBABAB[BCD]B
0001
0100
1000
0100
1000
0100
0111
0100

>A
1000

>[ACD]C
1011
0010

>ACD
1000
0010
0001

>C
0010

>C
0010

>CDDA
0010
0001
0001
1000

>B
0100

>DD
0001
0001

>DCAA
0001
0010
1000
1000

>CBDADBADDC
0010
0100
0001
1000
0001
0100
1000
0001
0001
0010

>[CD]CACBDD
0011
0010
1000
0010
0100
0001
0001

>DCD
0001
0010
0001

>DDD
0001
0001
0001

>CBBDDDDBC
0010
0100
0100
0001
0001
0001
0001
0100
0010

>AB
1000
0100

>BC
0100
0010

>D
0001

>ACCBA
1000
0010
0010
0100
1000

>BC
0100
0010

>DB
0001
0100

>DBAC[ACD]DDACCDDDABCCCDA
0001
0100
1000
0010
1011
0001
0001
1000
0010
0010
0001
0001
0001
1000
0100
0010
0010
0010
0001
1000

>DCA
0001
0010
1000

>ADA
1000
0001
1000

>BA
0100
1000

