ABCD
>B[ABC]DCDDDBD
0100
1110
0001
0010
0001
0001
0001
0100
0001

>DD
0001
0001

>BCACACDAAAB
0100
0010
1000
0010
1000
0010
0001
1000
1000
1000
0100

>[ACD]
1011

>ADCCCDC
1000
0001
0010
0010
0010
0001
0010

>B
0100

>BAD
0100
1000
0001

>BDAACD
0100
0001
1000
1000
0010
0001

>B
0100

>DCDB
0001
0010
0001
0100

>BADA
0100
1000
0001
1000

>BCC
0100
0010
0010

>D
0001

>ABCACDBBCC
1000
0100
0010
1000
0010
0001
0100
0100
0010
0010

>A
1000

>CBBCB
0010
0100
0100
0010
0100

>D
0001

>D
0001

>C
0010

>CDDBCBCD
0010
0001
0001
0100
0010
0100
0010
0001

