ABCD
>ADCBD[AD]DBCC
1000
0001
0010
0100
0001
1001
0001
0100
0010
0010

>BB
0100
0100

>DDCA
0001
0001
0010
1000

>CCDDACA
0010
0010
0001
0001
1000
0010
1000

>DCA[AD]
0001
0010
1000
1001

>DDCACDAB
0001
0001
0010
1000
0010
0001
1000
0100

>ACA
1000
0010
1000

>BA
0100
1000

>CAD
0010
1000
0001

>CBD
0010
0100
0001

>D
0001

>D
0001

>BBBADBBBDBDA
0100
0100
0100
1000
0001
0100
0100
0100
0001
0100
0001
1000

>A
1000

>DDBCDDCBD[BC]
0001
0001
0100
0010
0001
0001
0010
0100
0001
0110

>DBC
0001
0100
0010

>BBCDC[ACD]BA[BC]C[ABC]
0100
0100
0010
0001
0010
1011
0100
1000
0110
0010
1110

>B
0100

>CAADDC[CD]CD
0010
1000
1000
0001
0001
0010
0011
0010
0001

>DCCBDCD
0001
0010
0010
0100
0001
0010
0001

>BC
0100
0010

>BA
0100
1000

>D
0001

>ACACD
1000
0010
1000
0010
0001

>[ABD]
1101

>A
1000

>CCD
0010
0010
0001

>CBDB
0010
0100
0001
0100

>A
1000

>[ACD]
1011

>ADB
1000
0001
0100

>BC
0100
0010

>B
0100

>CC
0010
0010

>CBCB[ABC]A
0010
0100
0010
0100
1110
1000

>DBCBBDAAB
0001
0100
0010
0100
0100
0001
1000
1000
0100

>DDDA
0001
0001
0001
1000

>DBCAAD
0001
0100
0010
1000
1000
0001

>CB
0010
0100

>BD
0100
0001

