ABCD
>D
0001

>BB
0100
0100

>DA
0001
1000

>BBBDDDDABCADCAC
0100
0100
0100
0001
0001
0001
0001
1000
0100
0010
1000
0001
0010
1000
0010

>BBDDAAAAAB
0100
0100
0001
0001
1000
1000
1000
1000
1000
0100

>D
0001

>A
1000

>BBDB
0100
0100
0001
0100

>CDAB
0010
0001
1000
0100

>AA
1000
1000

>CCDC
0010
0010
0001
0010

>ADAB
1000
0001
1000
0100

>BB
0100
0100

>D
0001

>CBCA
0010
0100
0010
1000

>D
0001

>CD[BCD]DBBCDDAAACA
0010
0001
0111
0001
0100
0100
0010
0001
0001
1000
1000
1000
0010
1000

>A
1000

>CB[BCD]BD[ABC]DC
0010
0100
0111
0100
0001
1110
0001
0010

>C
0010

>C[ACD]
0010
1011

>CDC
0010
0001
0010

>B
0100

>DCACCB
0001
0010
1000
0010
0010
0100

>CB
0010
0100

>ABD
1000
0100
0001

>D
0001

>ADDACDBADDCBAA
1000
0001
0001
1000
0010
0001
0100
1000
0001
0001
0010
0100
1000
1000

>ADADDDD[BCD]AABDAC
1000
0001
1000
0001
0001
0001
0001
0111
1000
1000
0100
0001
1000
0010

>AD
1000
0001

>DABCAB
0001
1000
0100
0010
1000
0100

>B
0100

>CCB
0010
0010
0100

>CDB
0010
0001
0100

>BDBA
0100
0001
0100
1000

>BABAAB[CD]
0100
1000
0100
1000
1000
0100
0011

>[ABC]
1110

>BCB
0100
0010
0100

>A
1000

>B
0100

>CD
0010
0001

>A
1000

>CB
0010
0100

>ACA
1000
0010
1000

>B
0100

>CC
0010
0010

>DA
0001
1000

>C[AD]C
0010
1001
0010

>BCBBDDAB
0100
0010
0100
0100
0001
0001
1000
0100

>AA
1000
1000

>B
0100

>A
1000

>D
0001

>A
1000

>D[ABD]CACBBBBCCBADBCA
0001
1101
0010
1000
0010
0100
0100
0100
0100
0010
0010
0100
1000
0001
0100
0010
1000

>CADDCDCAD
0010
1000
0001
0001
0010
0001
0010
1000
0001

>ABDBBD
1000
0100
0001
0100
0100
0001

>CDCB
0010
0001
0010
0100

>CBBADCCACBB
0010
0100
0100
1000
0001
0010
0010
1000
0010
0100
0100

>CDCBB
0010
0001
0010
0100
0100

>AC
1000
0010

>CCDC
0010
0010
0001
0010

>C
0010

>AC
1000
0010

>AA
1000
1000

>CA
0010
1000

>DCB
0001
0010
0100

>AB
1000
0100

>AB
1000
0100

>BB
0100
0100

>C[BD]ABAA[AB]
0010
0101
1000
0100
1000
1000
1100

>DCC[BC]C
0001
0010
0010
0110
0010

>[AD]CCC[AD]BAAACAC
1001
0010
0010
0010
1001
0100
1000
1000
1000
0010
1000
0010

>A
1000

>ABABBAB
1000
0100
1000
0100
0100
1000
0100

>DADABADABCDCC
0001
1000
0001
1000
0100
1000
0001
1000
0100
0010
0001
0010
0010

>ACA
1000
0010
1000

>D
0001

>ACB
1000
0010
0100

>DADA
0001
1000
0001
1000

