ABCD
>BAC[ABC]DC
0100
1000
0010
1110
0001
0010

>DCDB
0001
0010
0001
0100

>ACDB
1000
0010
0001
0100

>CBD
0010
0100
0001

>DBCBADC
0001
0100
0010
0100
1000
0001
0010

>CCBCBDCB
0010
0010
0100
0010
0100
0001
0010
0100

>C
0010

>BABDC
0100
1000
0100
0001
0010

>BDABCC
0100
0001
1000
0100
0010
0010

>B[BD]C
0100
0101
0010

>B[BD]
0100
0101

>C
0010

>CD
0010
0001

>C
0010

>ACC[BCD]D[AB]BAAADCB
1000
0010
0010
0111
0001
1100
0100
1000
1000
1000
0001
0010
0100

>BAA
0100
1000
1000

>BCBD
0100
0010
0100
0001

>C
0010

>[ABD]A
1101
1000

>AAC
1000
1000
0010

>ACBCBD
1000
0010
0100
0010
0100
0001

>B
0100

>CB
0010
0100

>A
1000

>D
0001

>BC
0100
0010

>ACCBCBD
1000
0010
0010
0100
0010
0100
0001

>ADAC
1000
0001
1000
0010

>DCBB
0001
0010
0100
0100

>D[BD]C
0001
0101
0010

>DDDBBC[CD]DDBBADDCDCBD
0001
0001
0001
0100
0100
0010
0011
0001
0001
0100
0100
1000
0001
0001
0010
0001
0010
0100
0001

>C[AD]BA[BCD]A
0010
1001
0100
1000
0111
1000

>DA[BC]A
0001
1000
0110
1000

>D
0001

>DBCCCA
0001
0100
0010
0010
0010
1000

>AA[CD]AB
1000
1000
0011
1000
0100

>A
1000

>C[AD]AC
0010
1001
1000
0010

>BB
0100
0100

>CDBBCBBCBC
0010
0001
0100
0100
0010
0100
0100
0010
0100
0010

>A
1000

>C[CD]BBCA
0010
0011
0100
0100
0010
1000

>CAA[AC]
0010
1000
1000
1010

>C
0010

>B
0100

>BDC
0100
0001
0010

>DDDCDA
0001
0001
0001
0010
0001
1000

>ACB
1000
0010
0100

>ABD
1000
0100
0001

>ACBBCDB
1000
0010
0100
0100
0010
0001
0100

>[ABD]CA
1101
0010
1000

>AA
1000
1000

>[BC]
0110

>AACDCCDA[CD]CCA
1000
1000
0010
0001
0010
0010
0001
1000
0011
0010
0010
1000

>DBAD
0001
0100
1000
0001

>DCD
0001
0010
0001

>BBCADCDCC
0100
0100
0010
1000
0001
0010
0001
0010
0010

>CAA
0010
1000
1000

>C
0010

>ABCCCDCDBDD
1000
0100
0010
0010
0010
0001
0010
0001
0100
0001
0001

>BC
0100
0010

>BBDC
0100
0100
0001
0010

>A
1000

>BBDDD
0100
0100
0001
0001
0001

>ACBBC
1000
0010
0100
0100
0010

>A[BCD]
1000
0111

>B
0100

>AC
1000
0010

>BD
0100
0001

>B
0100

>DC
0001
0010

>A
1000

>A
1000

>DA
0001
1000

>ACACBAB
1000
0010
1000
0010
0100
1000
0100

>[BCD]DC
0111
0001
0010

>DB[ACD]A
0001
0100
1011
1000

>BDA[CD][BCD]BC
0100
0001
1000
0011
0111
0100
0010

>CAC[AD][ABD]A
0010
1000
0010
1001
1101
1000

>B
0100

>CDCCBBACBCC
0010
0001
0010
0010
0100
0100
1000
0010
0100
0010
0010

>DC[AC]DADBD
0001
0010
1010
0001
1000
0001
0100
0001

>DACAADCA
0001
1000
0010
1000
1000
0001
0010
1000

>DDDBDCDC
0001
0001
0001
0100
0001
0010
0001
0010

>AD
1000
0001

>DADBD
0001
1000
0001
0100
0001

>ACACBBB
1000
0010
1000
0010
0100
0100
0100

>BDDBCBAD[AB]
0100
0001
0001
0100
0010
0100
1000
0001
1100

>BC[ABD]
0100
0010
1101

>[ABD]BACA[BC]BCBAA
1101
0100
1000
0010
1000
0110
0100
0010
0100
1000
1000

>CBCABADABBDAC
0010
0100
0010
1000
0100
1000
0001
1000
0100
0100
0001
1000
0010

>B
0100

>DC
0001
0010

>CC
0010
0010

>BBC
0100
0100
0010

>CA
0010
1000

>B
0100

>A
1000

>BAD
0100
1000
0001

>C
0010

>DDCDBBB
0001
0001
0010
0001
0100
0100
0100

>BDBADDA
0100
0001
0100
1000
0001
0001
1000

>ACBDBBA
1000
0010
0100
0001
0100
0100
1000

>CC[AD]B
0010
0010
1001
0100

>C
0010

>DCD
0001
0010
0001

>DADABD
0001
1000
0001
1000
0100
0001

>BCBB
0100
0010
0100
0100

>BCDADDADAD
0100
0010
0001
1000
0001
0001
1000
0001
1000
0001

>BDCDABDB[BCD]
0100
0001
0010
0001
1000
0100
0001
0100
0111

>BA
0100
1000

>D[AB]BDD
0001
1100
0100
0001
0001

>ADB
1000
0001
0100

>A
1000

>BCD[BD]BA
0100
0010
0001
0101
0100
1000

>AC[BC]ADCAC
1000
0010
0110
1000
0001
0010
1000
0010

>D
0001

>A
1000

>B
0100

>A[ABC]
1000
1110

>BB
0100
0100

>C[ACD][ABD]DBAA
0010
1011
1101
0001
0100
1000
1000

>C
0010

>[ABC]DAA
1110
0001
1000
1000

>ADDDCAB
1000
0001
0001
0001
0010
1000
0100

>D
0001

>CDA
0010
0001
1000

>[ACD]
1011

>CCC
0010
0010
0010

>BCCDACAB
0100
0010
0010
0001
1000
0010
1000
0100

>[ABD]C
1101
0010

>A
1000

>C
0010

>DB
0001
0100

>A
1000

>AC[ABD]BDC
1000
0010
1101
0100
0001
0010

>CA[BCD]BB
0010
1000
0111
0100
0100

>AD[ACD]B
1000
0001
1011
0100

>ABDACDBAB
1000
0100
0001
1000
0010
0001
0100
1000
0100

>CA
0010
1000

>CAB
0010
1000
0100

>B
0100

>CABDB
0010
1000
0100
0001
0100

>CD
0010
0001

>ADBD
1000
0001
0100
0001

>A
1000

>[BC]
0110

>BABCCCC
0100
1000
0100
0010
0010
0010
0010

>DDCAA[BD]ADBAB
0001
0001
0010
1000
1000
0101
1000
0001
0100
1000
0100

>CAA[CD]DC
0010
1000
1000
0011
0001
0010

>B
0100

>ACBCA
1000
0010
0100
0010
1000

>D[BCD]
0001
0111

>DD
0001
0001

>CA
0010
1000

>BB
0100
0100

>DA
0001
1000

>BDCBB
0100
0001
0010
0100
0100

>[BC]B[BCD]D
0110
0100
0111
0001

>ADAA
1000
0001
1000
1000

