ABCD
>CD
0010
0001

>D
0001

>AB
1000
0100

>B[AC]
0100
1010

>C
0010

>C[BD]
0010
0101

>BADCDDACC[ABD]
0100
1000
0001
0010
0001
0001
1000
0010
0010
1101

>D
0001

>ACD
1000
0010
0001

>[BC]CAC
0110
0010
1000
0010

>D
0001

>CD[AD]DAAABCB
0010
0001
1001
0001
1000
1000
1000
0100
0010
0100

>D
0001

>BD[BCD]BD
0100
0001
0111
0100
0001

>C
0010

>DBC
0001
0100
0010

>CBBCC
0010
0100
0100
0010
0010

>B
0100

>ADA
1000
0001
1000

>BBAABDADC
0100
0100
1000
1000
0100
0001
1000
0001
0010

>CCBADC[BC]BCB
0010
0010
0100
1000
0001
0010
0110
0100
0010
0100

>[BC]DB
0110
0001
0100

>BBDAB
0100
0100
0001
1000
0100

>DDD
0001
0001
0001

>[ACD]DB
1011
0001
0100

>B
0100

>DC
0001
0010

>A
1000

>AC
1000
0010

>DBD
0001
0100
0001

>CA
0010
1000

>[AC]CDCB
1010
0010
0001
0010
0100

>D
0001

>CDDB
0010
0001
0001
0100

>ABDCABA
1000
0100
0001
0010
1000
0100
1000

>CABCDBB
0010
1000
0100
0010
0001
0100
0100

>CC
0010
0010

>DB
0001
0100

>DBA
0001
0100
1000

>CCBA
0010
0010
0100
1000

>CA
0010
1000

>C
0010

>D
0001

>BBBC
0100
0100
0100
0010

>BD
0100
0001

>BA
0100
1000

>B
0100

>CCC
0010
0010
0010

>B
0100

>CCBB
0010
0010
0100
0100

>DBBC[ABD]BD[AB]
0001
0100
0100
0010
1101
0100
0001
1100

>AADDDDBB
1000
1000
0001
0001
0001
0001
0100
0100

>AACCDCABCBCB
1000
1000
0010
0010
0001
0010
1000
0100
0010
0100
0010
0100

>ADDDAB
1000
0001
0001
0001
1000
0100

>CC
0010
0010

>AA
1000
1000

>BBDD
0100
0100
0001
0001

>CD[ABC]DA
0010
0001
1110
0001
1000

>AB
1000
0100

>AC
1000
0010

>CBCCBBCCACCDB
0010
0100
0010
0010
0100
0100
0010
0010
1000
0010
0010
0001
0100

>DBBCDAA
0001
0100
0100
0010
0001
1000
1000

>C[ACD]CCBAC
0010
1011
0010
0010
0100
1000
0010

>ABCCDAABAA
1000
0100
0010
0010
0001
1000
1000
0100
1000
1000

>BC
0100
0010

>DB
0001
0100

>CDABC
0010
0001
1000
0100
0010

>CD[ABD]CA
0010
0001
1101
0010
1000

>C
0010

>ACDA
1000
0010
0001
1000

>ADBDCCDBBCCD
1000
0001
0100
0001
0010
0010
0001
0100
0100
0010
0010
0001

>CBBDDA
0010
0100
0100
0001
0001
1000

>BDAD
0100
0001
1000
0001

>DACCB
0001
1000
0010
0010
0100

>CAABC[AD]BAABADCC
0010
1000
1000
0100
0010
1001
0100
1000
1000
0100
1000
0001
0010
0010

>CAAC
0010
1000
1000
0010

>ABC
1000
0100
0010

>D
0001

>B
0100

>A[BCD]
1000
0111

>CB
0010
0100

>CB
0010
0100

>BBDB
0100
0100
0001
0100

>DBACD
0001
0100
1000
0010
0001

>D
0001

>ACAB
1000
0010
1000
0100

>B
0100

>AA
1000
1000

>CA
0010
1000

>CD
0010
0001

>DCACCDD
0001
0010
1000
0010
0010
0001
0001

>C
0010

>DB
0001
0100

>DB
0001
0100

>AC
1000
0010

>ADCBB
1000
0001
0010
0100
0100

>BD
0100
0001

>DABA
0001
1000
0100
1000

>A
1000

>B
0100

>BD
0100
0001

>BDDCACDCA
0100
0001
0001
0010
1000
0010
0001
0010
1000

>CDDC
0010
0001
0001
0010

>CBAA
0010
0100
1000
1000

>CBBA
0010
0100
0100
1000

>[ABC]
1110

>A
1000

>BC
0100
0010

>B
0100

>CCADDDBDCA[ACD]CACD
0010
0010
1000
0001
0001
0001
0100
0001
0010
1000
1011
0010
1000
0010
0001

>C
0010

>BBDDCABA
0100
0100
0001
0001
0010
1000
0100
1000

>BA
0100
1000

>ABABBDB
1000
0100
1000
0100
0100
0001
0100

>BDDDAAAAAAAA[BD]
0100
0001
0001
0001
1000
1000
1000
1000
1000
1000
1000
1000
0101

>AC
1000
0010

>DD
0001
0001

>CDACCBCD
0010
0001
1000
0010
0010
0100
0010
0001

>BC
0100
0010

>CCCA
0010
0010
0010
1000

>ADDACDCABCCA
1000
0001
0001
1000
0010
0001
0010
1000
0100
0010
0010
1000

>DB
0001
0100

>BBBDB
0100
0100
0100
0001
0100

>B
0100

>BBDBCDBDDAB
0100
0100
0001
0100
0010
0001
0100
0001
0001
1000
0100

>BACB
0100
1000
0010
0100

>AC[ABD]CC
1000
0010
1101
0010
0010

>DAAACA
0001
1000
1000
1000
0010
1000

>AB
1000
0100

>DA
0001
1000

>DCCA
0001
0010
0010
1000

>B
0100

>B
0100

>CBCBA[BC]
0010
0100
0010
0100
1000
0110

>BC[BCD]B
0100
0010
0111
0100

>ABDCACDA
1000
0100
0001
0010
1000
0010
0001
1000

>CC
0010
0010

>ACA
1000
0010
1000

>ADDAADBA
1000
0001
0001
1000
1000
0001
0100
1000

>AB[BCD]DCBAC
1000
0100
0111
0001
0010
0100
1000
0010

>CBADBAAABBC
0010
0100
1000
0001
0100
1000
1000
1000
0100
0100
0010

>CABD
0010
1000
0100
0001

>ADCA
1000
0001
0010
1000

>DB
0001
0100

>A
1000

>C
0010

>BDDCDDC
0100
0001
0001
0010
0001
0001
0010

>CBAAC[BD][BCD][CD]DD
0010
0100
1000
1000
0010
0101
0111
0011
0001
0001

>A
1000

>CBCDDADDB
0010
0100
0010
0001
0001
1000
0001
0001
0100

>C
0010

>ACBBD
1000
0010
0100
0100
0001

>A
1000

>BDDCDDC
0100
0001
0001
0010
0001
0001
0010

>A
1000

>BDADB
0100
0001
1000
0001
0100

>DA
0001
1000

>D
0001

>ABADCB
1000
0100
1000
0001
0010
0100

>CBDCC
0010
0100
0001
0010
0010

