ABCD
>CBACAA
0010
0100
1000
0010
1000
1000

>DAD
0001
1000
0001

>ABC
1000
0100
0010

>DDA
0001
0001
1000

>BADB
0100
1000
0001
0100

>DC
0001
0010

>C
0010

>D
0001

>AD[ABD][BD]
1000
0001
1101
0101

>BBBA
0100
0100
0100
1000

>C
0010

>CDC
0010
0001
0010

>DDDABD[BD]AB[BCD]ACAAB
0001
0001
0001
1000
0100
0001
0101
1000
0100
0111
1000
0010
1000
1000
0100

>DACCD
0001
1000
0010
0010
0001

>DCB
0001
0010
0100

>D[BCD]D
0001
0111
0001

>DBCDD
0001
0100
0010
0001
0001

>BABCB
0100
1000
0100
0010
0100

>A[AB]DAD
1000
1100
0001
1000
0001

>BBCC
0100
0100
0010
0010

