ABCD
>AADD
1000
1000
0001
0001

>DADD[ABD]
0001
1000
0001
0001
1101

>DCBCA
0001
0010
0100
0010
1000

>CDA
0010
0001
1000

>BA[AB][CD]CBCB
0100
1000
1100
0011
0010
0100
0010
0100

>DA
0001
1000

>D
0001

>ADBBADD[BCD]
1000
0001
0100
0100
1000
0001
0001
0111

>[BCD]DAAAD
0111
0001
1000
1000
1000
0001

>C
0010

>AC
1000
0010

>BBBCCBC[BD]ACD
0100
0100
0100
0010
0010
0100
0010
0101
1000
0010
0001

>B
0100

>ADBBAB
1000
0001
0100
0100
1000
0100

>A
1000

>BC[CD]DC
0100
0010
0011
0001
0010

>[ABD]CC
1101
0010
0010

>B
0100

>DCDB[AB]CCCDB[ABC]CD
0001
0010
0001
0100
1100
0010
0010
0010
0001
0100
1110
0010
0001

>B
0100

>DBA[ABC]B
0001
0100
1000
1110
0100

>AAC
1000
1000
0010

>AADADCA
1000
1000
0001
1000
0001
0010
1000

>ABA
1000
0100
1000

>CC
0010
0010

>B
0100

>[BCD]DBCCDCDDCA
0111
0001
0100
0010
0010
0001
0010
0001
0001
0010
1000

>CA
0010
1000

>ACD
1000
0010
0001

>C
0010

>DC
0001
0010

>D[CD]
0001
0011

>DBCBCDC[BCD]C
0001
0100
0010
0100
0010
0001
0010
0111
0010

>ABA[AD]DA
1000
0100
1000
1001
0001
1000

>C
0010

>ABDB
1000
0100
0001
0100

>CDB
0010
0001
0100

>BB
0100
0100

>DABA
0001
1000
0100
1000

>AD
1000
0001

