ABCD
>CCADB
0010
0010
1000
0001
0100

>A
1000

>D
0001

>A
1000

>B
0100

>CCCCCAB
0010
0010
0010
0010
0010
1000
0100

>C
0010

>CA
0010
1000

>CADADBCD
0010
1000
0001
1000
0001
0100
0010
0001

>D
0001

>CCAC
0010
0010
1000
0010

>CCCCDCDD
0010
0010
0010
0010
0001
0010
0001
0001

>A
1000

>D
0001

>CCDABCBB
0010
0010
0001
1000
0100
0010
0100
0100

>DD
0001
0001

>B
0100

>BBB
0100
0100
0100

>CA
0010
1000

>DBABB
0001
0100
1000
0100
0100

>AC
1000
0010

>BCBACCDBBACDCCC
0100
0010
0100
1000
0010
0010
0001
0100
0100
1000
0010
0001
0010
0010
0010

>CABAA
0010
1000
0100
1000
1000

>BB
0100
0100

>B
0100

>DBBDA
0001
0100
0100
0001
1000

>A
1000

>DB
0001
0100

>DB
0001
0100

>CBAD
0010
0100
1000
0001

>ADB
1000
0001
0100

>AD
1000
0001

>DCAB
0001
0010
1000
0100

>DAABCC
0001
1000
1000
0100
0010
0010

>DDAB
0001
0001
1000
0100

>CBBCCBACCC[BC]D
0010
0100
0100
0010
0010
0100
1000
0010
0010
0010
0110
0001

>DACD
0001
1000
0010
0001

>CA
0010
1000

>A
1000

>ACC
1000
0010
0010

>ACBBBBDB
1000
0010
0100
0100
0100
0100
0001
0100

>BB
0100
0100

>BCBDACC
0100
0010
0100
0001
1000
0010
0010

>D
0001

>ABC
1000
0100
0010

>DCBBDD
0001
0010
0100
0100
0001
0001

>DDDD
0001
0001
0001
0001

>A
1000

>CC[ABC]
0010
0010
1110

>DB
0001
0100

>DA
0001
1000

>CABABBACB
0010
1000
0100
1000
0100
0100
1000
0010
0100

>BAAB
0100
1000
1000
0100

>BBCBDBCDDAACDBBACD
0100
0100
0010
0100
0001
0100
0010
0001
0001
1000
1000
0010
0001
0100
0100
1000
0010
0001

>C
0010

>ACBBB
1000
0010
0100
0100
0100

>BCCBAB
0100
0010
0010
0100
1000
0100

>BDCC
0100
0001
0010
0010

>ACCDDCD[ABC]ACB
1000
0010
0010
0001
0001
0010
0001
1110
1000
0010
0100

>BCA
0100
0010
1000

>ADDBCDAD
1000
0001
0001
0100
0010
0001
1000
0001

>ABADDCDABAA
1000
0100
1000
0001
0001
0010
0001
1000
0100
1000
1000

>C
0010

>DA
0001
1000

>BDC
0100
0001
0010

>A
1000

>DDCBAB
0001
0001
0010
0100
1000
0100

>DCD
0001
0010
0001

>D
0001

>AADBBB
1000
1000
0001
0100
0100
0100

>A
1000

>DDAADCDBA
0001
0001
1000
1000
0001
0010
0001
0100
1000

>C
0010

>ACBD
1000
0010
0100
0001

>[BCD]DA
0111
0001
1000

>DDBAAC
0001
0001
0100
1000
1000
0010

>DDBDD
0001
0001
0100
0001
0001

>A
1000

>BAC
0100
1000
0010

>BA
0100
1000

